bc_label,model_output,row_num,dist,abs_dist
12,0,row12344,12,12
12,0,row11057,12,12
12,0,row11373,12,12
12,0,row12305,12,12
12,0,row12314,12,12
12,0,row12351,12,12
11,0,row10678,11,11
12,1,row12094,11,11
12,1,row11504,11,11
12,1,row12060,11,11
1,12,row00646,-11,11
12,1,row12367,11,11
11,0,row10888,11,11
10,0,row08820,10,10
11,1,row09601,10,10
0,10,row00059,-10,10
2,12,row01091,-10,10
10,0,row08953,10,10
0,10,row00310,-10,10
0,10,row00086,-10,10
12,2,row11588,10,10
10,0,row09511,10,10
9,0,row18024,9,9
9,0,row18080,9,9
12,3,row11111,9,9
3,12,row02441,-9,9
9,0,row08560,9,9
3,12,row02329,-9,9
12,3,row11092,9,9
1,10,row00918,-9,9
9,0,row18011,9,9
11,2,row10463,9,9
9,0,row17812,9,9
9,0,row17883,9,9
9,0,row07734,9,9
9,0,row18355,9,9
9,0,row18186,9,9
11,2,row10771,9,9
9,0,row08645,9,9
12,3,row11825,9,9
0,9,row00098,-9,9
11,2,row09617,9,9
12,3,row11602,9,9
8,0,row07684,8,8
4,12,row23543,-8,8
4,12,row23681,-8,8
9,1,row08151,8,8
12,4,row11615,8,8
9,1,row08651,8,8
4,12,row02968,-8,8
8,0,row14682,8,8
9,1,row07906,8,8
10,2,row09028,8,8
8,0,row17471,8,8
4,12,row02485,-8,8
8,0,row07221,8,8
10,2,row09211,8,8
4,12,row23176,-8,8
4,12,row23370,-8,8
8,0,row16819,8,8
4,12,row02576,-8,8
8,0,row07025,8,8
8,0,row14707,8,8
4,12,row03188,-8,8
4,12,row23550,-8,8
4,12,row23398,-8,8
8,0,row17058,8,8
8,0,row13862,8,8
11,3,row09628,8,8
4,12,row23691,-8,8
4,12,row23232,-8,8
2,10,row01648,-8,8
4,12,row02648,-8,8
8,0,row16924,8,8
8,0,row16844,8,8
11,3,row09887,8,8
5,12,row03792,-7,7
7,0,row21132,7,7
7,0,row20676,7,7
7,0,row06213,7,7
8,1,row15085,7,7
11,4,row10336,7,7
9,2,row08362,7,7
5,12,row03439,-7,7
7,0,row22095,7,7
3,10,row02267,-7,7
7,0,row06716,7,7
7,0,row21024,7,7
2,9,row01355,-7,7
7,0,row20686,7,7
9,2,row07725,7,7
11,4,row10558,7,7
3,10,row02438,-7,7
8,1,row14224,7,7
8,1,row14102,7,7
4,11,row23177,-7,7
5,12,row13472,-7,7
7,0,row21822,7,7
2,9,row01376,-7,7
7,0,row21417,7,7
7,0,row22430,7,7
9,2,row18469,7,7
4,11,row03320,-7,7
11,4,row10339,7,7
7,0,row20778,7,7
7,0,row12474,7,7
7,0,row21693,7,7
2,9,row01371,-7,7
5,12,row03476,-7,7
7,0,row21725,7,7
7,0,row21172,7,7
4,10,row02694,-6,6
9,3,row17998,6,6
6,12,row16065,-6,6
8,2,row17601,6,6
6,12,row15392,-6,6
6,12,row20304,-6,6
6,12,row20194,-6,6
6,12,row16326,-6,6
7,1,row21796,6,6
2,8,row01124,-6,6
6,12,row04490,-6,6
4,10,row23706,-6,6
4,10,row02703,-6,6
6,12,row19137,-6,6
6,12,row16092,-6,6
3,9,row02432,-6,6
6,12,row05106,-6,6
6,12,row05483,-6,6
8,2,row17703,6,6
6,12,row16362,-6,6
7,1,row22829,6,6
7,1,row21028,6,6
6,12,row15718,-6,6
6,0,row05952,6,6
8,2,row17689,6,6
7,1,row21588,6,6
6,12,row16104,-6,6
6,12,row15980,-6,6
6,12,row16151,-6,6
6,12,row05307,-6,6
6,0,row05846,6,6
7,1,row22027,6,6
6,12,row15570,-6,6
6,0,row16084,6,6
6,12,row05494,-6,6
6,12,row15951,-6,6
6,12,row19135,-6,6
6,12,row15469,-6,6
6,12,row15437,-6,6
6,12,row19134,-6,6
6,12,row16118,-6,6
8,2,row14848,6,6
6,12,row15540,-6,6
5,11,row03857,-6,6
6,12,row16161,-6,6
6,12,row16057,-6,6
6,12,row15431,-6,6
6,12,row16074,-6,6
8,2,row14681,6,6
6,0,row16098,6,6
7,1,row21338,6,6
6,12,row20242,-6,6
6,12,row19139,-6,6
4,10,row02902,-6,6
6,0,row06026,6,6
6,12,row19643,-6,6
7,1,row06375,6,6
6,12,row15503,-6,6
6,12,row16099,-6,6
6,0,row06033,6,6
6,12,row15679,-6,6
4,10,row02929,-6,6
9,3,row08195,6,6
8,2,row17699,6,6
6,12,row15379,-6,6
10,4,row09385,6,6
6,12,row16324,-6,6
6,12,row15393,-6,6
4,10,row02569,-6,6
6,12,row18871,-6,6
10,4,row08789,6,6
6,0,row19647,6,6
8,2,row13796,6,6
6,12,row16364,-6,6
7,1,row06284,6,6
6,12,row16323,-6,6
6,12,row20319,-6,6
6,12,row19132,-6,6
6,12,row15886,-6,6
6,12,row04912,-6,6
6,12,row16146,-6,6
6,12,row04491,-6,6
4,10,row02672,-6,6
6,12,row19136,-6,6
6,0,row04857,6,6
6,12,row15870,-6,6
6,12,row15584,-6,6
3,9,row02377,-6,6
4,10,row23679,-6,6
6,12,row05806,-6,6
6,12,row15812,-6,6
6,12,row16102,-6,6
6,12,row15381,-6,6
6,12,row05955,-6,6
6,12,row20474,-6,6
12,6,row11919,6,6
7,1,row06280,6,6
6,12,row16015,-6,6
8,3,row17615,5,5
8,3,row17625,5,5
6,11,row15949,-5,5
7,12,row21525,-5,5
9,4,row08565,5,5
7,2,row06321,5,5
6,11,row05071,-5,5
6,11,row20526,-5,5
8,3,row17620,5,5
6,11,row19969,-5,5
8,3,row17574,5,5
7,12,row21853,-5,5
7,2,row06241,5,5
6,11,row04827,-5,5
7,12,row21982,-5,5
6,1,row16078,5,5
7,2,row06737,5,5
7,12,row06412,-5,5
7,2,row06474,5,5
9,4,row07752,5,5
7,12,row22429,-5,5
7,2,row06568,5,5
4,9,row23690,-5,5
7,12,row12498,-5,5
8,3,row07439,5,5
7,12,row12496,-5,5
7,12,row06736,-5,5
5,10,row04467,-5,5
7,12,row20902,-5,5
7,12,row12936,-5,5
7,2,row20864,5,5
4,9,row02687,-5,5
7,12,row06751,-5,5
9,4,row18470,5,5
7,2,row22259,5,5
12,7,row11505,5,5
7,2,row23069,5,5
7,12,row21147,-5,5
4,9,row02638,-5,5
7,2,row21031,5,5
6,11,row15585,-5,5
7,2,row21143,5,5
6,11,row05762,-5,5
7,12,row22612,-5,5
7,12,row21189,-5,5
6,1,row15813,5,5
7,2,row21543,5,5
8,3,row17561,5,5
7,2,row21919,5,5
6,1,row15686,5,5
6,11,row20501,-5,5
8,3,row17617,5,5
7,12,row21862,-5,5
7,2,row20898,5,5
5,10,row04180,-5,5
6,1,row19667,5,5
6,11,row15810,-5,5
7,12,row21037,-5,5
6,11,row16566,-5,5
6,11,row05553,-5,5
8,3,row17609,5,5
6,11,row19144,-5,5
9,4,row08509,5,5
9,4,row08475,5,5
4,9,row02740,-5,5
7,2,row23031,5,5
6,1,row20425,5,5
9,4,row07904,5,5
6,11,row20483,-5,5
8,3,row17632,5,5
6,11,row05716,-5,5
7,2,row23106,5,5
6,11,row04824,-5,5
7,2,row21033,5,5
7,12,row12494,-5,5
9,4,row18263,5,5
4,9,row02571,-5,5
4,9,row02487,-5,5
7,2,row06247,5,5
6,11,row15864,-5,5
5,0,row13479,5,5
7,2,row06325,5,5
5,0,row13098,5,5
8,3,row17598,5,5
6,11,row18934,-5,5
6,11,row05079,-5,5
7,12,row22945,-5,5
7,12,row21007,-5,5
11,6,row10442,5,5
5,10,row04163,-5,5
6,11,row18919,-5,5
7,12,row22946,-5,5
7,12,row06485,-5,5
6,11,row18965,-5,5
6,11,row19064,-5,5
8,3,row17649,5,5
6,11,row16221,-5,5
12,7,row11247,5,5
7,2,row06271,5,5
6,11,row16201,-5,5
7,12,row21903,-5,5
7,12,row21846,-5,5
5,0,row13208,5,5
7,12,row12603,-5,5
7,12,row21380,-5,5
6,1,row06031,5,5
7,12,row06482,-5,5
6,11,row04748,-5,5
8,3,row17798,5,5
6,11,row15673,-5,5
8,3,row17684,5,5
7,2,row06235,5,5
6,11,row20153,-5,5
8,3,row17648,5,5
5,10,row04035,-5,5
6,11,row05601,-5,5
7,12,row12667,-5,5
8,3,row17651,5,5
7,2,row06276,5,5
4,9,row03342,-5,5
7,12,row22522,-5,5
11,6,row10873,5,5
5,10,row13234,-5,5
6,11,row16620,-5,5
5,10,row13470,-5,5
8,3,row17618,5,5
4,9,row03317,-5,5
6,11,row19848,-5,5
7,2,row21364,5,5
6,11,row05840,-5,5
8,3,row17639,5,5
6,1,row04769,5,5
12,7,row11705,5,5
7,2,row21387,5,5
7,2,row22068,5,5
7,12,row21587,-5,5
7,12,row21847,-5,5
8,3,row17596,5,5
8,3,row17589,5,5
8,3,row06994,5,5
8,3,row17619,5,5
6,11,row15280,-5,5
6,11,row16016,-5,5
5,10,row03767,-5,5
9,4,row08551,5,5
7,12,row22770,-5,5
8,3,row17565,5,5
12,7,row11426,5,5
8,3,row17580,5,5
4,9,row23460,-5,5
7,11,row22988,-4,4
6,2,row15931,4,4
8,4,row07247,4,4
6,10,row05085,-4,4
5,1,row04285,4,4
6,2,row05215,4,4
8,4,row17713,4,4
6,2,row05141,4,4
7,11,row06624,-4,4
8,4,row07495,4,4
8,4,row17697,4,4
6,2,row05507,4,4
6,10,row05607,-4,4
8,12,row14687,-4,4
8,4,row17612,4,4
8,4,row17490,4,4
6,2,row19566,4,4
8,4,row07370,4,4
8,4,row17652,4,4
8,4,row17724,4,4
6,10,row04982,-4,4
8,4,row17718,4,4
7,11,row22599,-4,4
8,4,row17808,4,4
7,3,row22874,4,4
8,4,row17482,4,4
8,4,row17605,4,4
7,11,row21240,-4,4
4,8,row23198,-4,4
8,4,row17566,4,4
6,10,row05072,-4,4
11,7,row10303,4,4
6,10,row05606,-4,4
8,4,row17483,4,4
7,11,row21834,-4,4
8,4,row17577,4,4
8,4,row17557,4,4
5,9,row04149,-4,4
8,4,row17475,4,4
8,4,row14741,4,4
8,4,row17484,4,4
8,4,row17752,4,4
8,4,row17573,4,4
6,10,row20134,-4,4
4,8,row23241,-4,4
11,7,row10280,4,4
8,12,row17362,-4,4
8,4,row17736,4,4
8,4,row17746,4,4
8,4,row17582,4,4
7,11,row21324,-4,4
6,2,row16342,4,4
8,4,row17628,4,4
8,12,row15105,-4,4
8,4,row14710,4,4
6,10,row04985,-4,4
6,10,row19254,-4,4
6,2,row05728,4,4
8,4,row07553,4,4
8,4,row17268,4,4
8,4,row17547,4,4
8,4,row17761,4,4
8,4,row14450,4,4
8,4,row07123,4,4
7,3,row06480,4,4
8,4,row17534,4,4
8,4,row17748,4,4
8,4,row07372,4,4
11,7,row09688,4,4
8,4,row17795,4,4
6,10,row15509,-4,4
8,4,row07200,4,4
7,11,row12897,-4,4
8,4,row07545,4,4
7,11,row21784,-4,4
6,2,row15939,4,4
8,4,row17750,4,4
7,11,row21360,-4,4
7,11,row21870,-4,4
8,4,row14874,4,4
8,4,row17528,4,4
8,4,row17716,4,4
8,12,row14106,-4,4
6,10,row15942,-4,4
8,4,row13944,4,4
8,4,row07109,4,4
7,11,row22665,-4,4
8,4,row07572,4,4
11,7,row10299,4,4
7,3,row06226,4,4
5,9,row13321,-4,4
7,3,row21798,4,4
7,11,row06378,-4,4
8,4,row17666,4,4
7,11,row21558,-4,4
4,8,row03125,-4,4
8,4,row17570,4,4
6,10,row15936,-4,4
7,11,row06117,-4,4
6,2,row05936,4,4
6,10,row16293,-4,4
7,11,row12392,-4,4
8,4,row17664,4,4
8,4,row17549,4,4
6,2,row19235,4,4
6,2,row20169,4,4
7,11,row20594,-4,4
8,4,row17548,4,4
8,12,row07310,-4,4
8,4,row07130,4,4
6,2,row15972,4,4
8,4,row14546,4,4
7,3,row06634,4,4
8,4,row14421,4,4
8,4,row17662,4,4
8,4,row17607,4,4
4,8,row23324,-4,4
8,4,row17217,4,4
8,4,row17533,4,4
8,4,row17480,4,4
8,12,row17640,-4,4
6,10,row05947,-4,4
6,2,row06065,4,4
8,4,row17539,4,4
8,4,row17555,4,4
8,4,row07559,4,4
8,12,row07436,-4,4
6,10,row19414,-4,4
8,4,row07604,4,4
8,12,row07633,-4,4
12,8,row11146,4,4
6,10,row05002,-4,4
8,4,row17784,4,4
7,11,row21852,-4,4
7,3,row06702,4,4
8,4,row14598,4,4
4,8,row23404,-4,4
7,11,row22840,-4,4
8,4,row17768,4,4
8,4,row14435,4,4
8,4,row17765,4,4
6,2,row15231,4,4
7,3,row06308,4,4
6,10,row05604,-4,4
6,10,row05519,-4,4
8,4,row17799,4,4
8,4,row07583,4,4
8,4,row17717,4,4
6,10,row19365,-4,4
6,10,row20507,-4,4
8,4,row07441,4,4
8,4,row07366,4,4
8,4,row14531,4,4
7,3,row20903,4,4
6,10,row05559,-4,4
6,10,row04900,-4,4
5,9,row04033,-4,4
7,3,row20877,4,4
7,11,row22495,-4,4
8,4,row17470,4,4
9,5,row18453,4,4
7,11,row22064,-4,4
7,11,row20586,-4,4
7,3,row22253,4,4
7,11,row21384,-4,4
8,4,row07587,4,4
8,12,row14868,-4,4
4,0,row02999,4,4
6,2,row06048,4,4
8,12,row14938,-4,4
4,8,row23587,-4,4
6,10,row19361,-4,4
7,3,row06484,4,4
8,12,row07683,-4,4
8,4,row17554,4,4
8,4,row17794,4,4
8,4,row14449,4,4
8,4,row17760,4,4
8,4,row17797,4,4
7,11,row06694,-4,4
8,12,row07306,-4,4
7,11,row06558,-4,4
7,3,row06722,4,4
7,11,row22625,-4,4
5,9,row03446,-4,4
8,4,row17805,4,4
8,12,row17409,-4,4
11,7,row10304,4,4
8,4,row07091,4,4
6,10,row15530,-4,4
6,2,row18954,4,4
8,4,row17622,4,4
8,4,row07582,4,4
7,11,row21801,-4,4
8,4,row17641,4,4
7,11,row21902,-4,4
8,4,row17527,4,4
11,7,row09689,4,4
8,4,row17710,4,4
6,2,row16379,4,4
6,10,row05802,-4,4
6,10,row05093,-4,4
7,3,row06368,4,4
7,3,row06298,4,4
11,7,row09712,4,4
8,4,row17647,4,4
8,4,row17215,4,4
8,4,row17546,4,4
8,4,row17531,4,4
8,4,row17608,4,4
8,12,row07309,-4,4
7,3,row23124,4,4
8,4,row17802,4,4
4,0,row23710,4,4
8,4,row17562,4,4
6,10,row04954,-4,4
11,7,row09690,4,4
7,11,row21223,-4,4
6,2,row06066,4,4
7,11,row22504,-4,4
6,10,row19941,-4,4
7,11,row21849,-4,4
8,4,row14527,4,4
6,10,row16329,-4,4
8,4,row17642,4,4
6,10,row18708,-4,4
8,12,row17068,-4,4
8,4,row17715,4,4
7,11,row21824,-4,4
8,4,row17667,4,4
8,4,row17568,4,4
8,12,row13791,-4,4
8,4,row17778,4,4
8,4,row07164,4,4
8,4,row17756,4,4
7,11,row22696,-4,4
8,4,row17747,4,4
8,4,row17063,4,4
8,4,row17621,4,4
8,4,row17530,4,4
6,10,row15620,-4,4
0,4,row00220,-4,4
6,10,row05758,-4,4
8,4,row17453,4,4
8,4,row07364,4,4
8,4,row17552,4,4
11,7,row09692,4,4
8,4,row17709,4,4
8,4,row17694,4,4
8,4,row17411,4,4
8,4,row17767,4,4
8,4,row07132,4,4
6,10,row15833,-4,4
8,4,row17745,4,4
7,11,row20826,-4,4
8,4,row14495,4,4
6,10,row04745,-4,4
11,7,row09695,4,4
5,9,row04357,-4,4
4,8,row23430,-4,4
6,10,row20321,-4,4
7,11,row06374,-4,4
6,10,row15268,-4,4
7,11,row21346,-4,4
6,10,row19870,-4,4
8,4,row17782,4,4
11,7,row09651,4,4
8,12,row14115,-4,4
7,3,row21864,4,4
6,2,row15828,4,4
8,4,row17584,4,4
8,12,row14847,-4,4
4,8,row23245,-4,4
8,4,row17542,4,4
8,4,row17660,4,4
8,4,row07611,4,4
7,3,row06350,4,4
8,4,row17656,4,4
7,11,row21445,-4,4
7,11,row12677,-4,4
8,4,row07363,4,4
8,12,row17414,-4,4
6,2,row20552,4,4
8,12,row14623,-4,4
8,12,row07232,-4,4
8,4,row17676,4,4
6,2,row15730,4,4
6,10,row06018,-4,4
8,4,row17545,4,4
7,11,row22630,-4,4
6,10,row19644,-4,4
8,4,row14500,4,4
6,10,row16141,-4,4
8,4,row14168,4,4
6,10,row18686,-4,4
8,4,row17493,4,4
8,4,row17674,4,4
8,12,row17439,-4,4
11,7,row10241,4,4
6,10,row15203,-4,4
8,4,row17655,4,4
8,4,row17477,4,4
8,4,row07612,4,4
6,2,row16062,4,4
11,7,row10286,4,4
7,11,row21357,-4,4
8,4,row17672,4,4
8,4,row17682,4,4
8,4,row17714,4,4
5,1,row13222,4,4
8,4,row07677,4,4
6,10,row04899,-4,4
11,7,row09801,4,4
11,7,row10106,4,4
8,4,row17567,4,4
8,4,row17581,4,4
6,2,row06022,4,4
7,11,row21241,-4,4
8,4,row17595,4,4
7,3,row23129,4,4
6,10,row05194,-4,4
6,2,row15362,4,4
8,4,row17786,4,4
8,4,row17407,4,4
7,11,row21168,-4,4
7,11,row22533,-4,4
6,10,row05729,-4,4
6,10,row19133,-4,4
9,5,row08437,4,4
7,11,row21367,-4,4
11,7,row10283,4,4
6,10,row19839,-4,4
7,11,row21183,-4,4
8,4,row17468,4,4
6,2,row18969,4,4
8,4,row07360,4,4
6,2,row19239,4,4
8,4,row17537,4,4
8,4,row14437,4,4
8,4,row17526,4,4
8,4,row14541,4,4
8,12,row07425,-4,4
8,4,row17801,4,4
8,4,row07526,4,4
8,4,row17793,4,4
8,4,row07373,4,4
8,4,row17272,4,4
8,4,row17686,4,4
6,10,row18685,-4,4
8,4,row17645,4,4
8,4,row17576,4,4
7,3,row12561,4,4
8,4,row17665,4,4
7,11,row20787,-4,4
6,10,row15235,-4,4
8,12,row14206,-4,4
7,11,row21522,-4,4
8,4,row07616,4,4
6,2,row05103,4,4
8,4,row14440,4,4
6,10,row16325,-4,4
7,11,row21515,-4,4
8,12,row16684,-4,4
7,11,row22608,-4,4
6,10,row20571,-4,4
11,7,row10247,4,4
8,4,row17627,4,4
6,2,row05036,4,4
8,4,row07111,4,4
4,0,row03376,4,4
8,4,row17219,4,4
6,10,row06039,-4,4
8,4,row07607,4,4
8,4,row17789,4,4
11,7,row10896,4,4
8,4,row17646,4,4
6,2,row19234,4,4
8,4,row17769,4,4
8,12,row14119,-4,4
11,7,row10305,4,4
6,10,row04594,-4,4
11,7,row10277,4,4
8,4,row17195,4,4
6,10,row05602,-4,4
7,11,row22498,-4,4
8,4,row07491,4,4
8,4,row17749,4,4
7,11,row21974,-4,4
8,4,row17523,4,4
6,2,row05138,4,4
7,3,row21461,4,4
8,12,row14211,-4,4
8,4,row17739,4,4
8,12,row07706,-4,4
7,11,row21976,-4,4
6,10,row18867,-4,4
8,4,row17543,4,4
8,4,row17556,4,4
8,4,row17702,4,4
7,3,row06190,4,4
6,10,row05971,-4,4
4,0,row03205,4,4
7,11,row22990,-4,4
8,4,row17807,4,4
6,10,row20237,-4,4
7,11,row21370,-4,4
6,10,row15709,-4,4
6,10,row15481,-4,4
6,10,row16105,-4,4
8,4,row17788,4,4
5,1,row04217,4,4
7,3,row06471,4,4
7,3,row21913,4,4
5,1,row03915,4,4
6,10,row19671,-4,4
6,10,row20314,-4,4
6,10,row15432,-4,4
8,4,row17735,4,4
11,7,row09655,4,4
6,2,row06024,4,4
8,4,row17551,4,4
8,4,row17606,4,4
7,11,row22987,-4,4
8,4,row14438,4,4
8,4,row17792,4,4
7,3,row22953,4,4
7,11,row21353,-4,4
6,10,row16503,-4,4
7,11,row22822,-4,4
6,10,row19364,-4,4
6,2,row15835,4,4
6,2,row05157,4,4
8,4,row17630,4,4
8,4,row17663,4,4
8,4,row07635,4,4
6,10,row05178,-4,4
8,4,row14550,4,4
5,1,row04048,4,4
11,7,row09707,4,4
7,11,row21270,-4,4
8,4,row17616,4,4
6,10,row05797,-4,4
8,4,row17057,4,4
8,4,row17633,4,4
7,11,row06106,-4,4
8,4,row17744,4,4
8,4,row17613,4,4
8,4,row17600,4,4
8,4,row17732,4,4
6,2,row06035,4,4
8,4,row07357,4,4
8,4,row17751,4,4
8,4,row17553,4,4
6,10,row18917,-4,4
6,10,row16322,-4,4
11,7,row10259,4,4
8,4,row07549,4,4
8,4,row17476,4,4
8,4,row17681,4,4
7,11,row22539,-4,4
8,4,row17529,4,4
7,11,row22043,-4,4
6,10,row16397,-4,4
7,11,row21453,-4,4
8,4,row14542,4,4
8,4,row07581,4,4
6,2,row16378,4,4
6,10,row05969,-4,4
8,4,row17626,4,4
8,4,row17803,4,4
8,4,row17472,4,4
8,4,row17743,4,4
6,10,row15227,-4,4
7,3,row06352,4,4
8,4,row17481,4,4
8,4,row17532,4,4
8,4,row17295,4,4
7,11,row12767,-4,4
8,4,row07146,4,4
8,4,row14507,4,4
5,9,row03546,-4,4
8,4,row17245,4,4
8,4,row17635,4,4
7,10,row21069,-3,3
11,8,row10045,3,3
8,5,row14733,3,3
8,11,row16961,-3,3
9,6,row08522,3,3
8,5,row17503,3,3
8,5,row14510,3,3
7,4,row12680,3,3
6,3,row06044,3,3
6,9,row18766,-3,3
7,10,row21378,-3,3
11,8,row10094,3,3
6,3,row18945,3,3
9,12,row07754,-3,3
7,10,row22678,-3,3
8,11,row14839,-3,3
8,5,row17590,3,3
9,6,row18457,3,3
11,8,row10050,3,3
9,6,row08438,3,3
5,2,row13526,3,3
7,4,row21057,3,3
7,4,row06550,3,3
11,8,row09704,3,3
5,2,row13519,3,3
5,2,row04345,3,3
8,11,row07198,-3,3
7,4,row06703,3,3
8,5,row14716,3,3
7,4,row06739,3,3
7,4,row06227,3,3
7,4,row22997,3,3
7,10,row06358,-3,3
7,10,row21361,-3,3
7,10,row22806,-3,3
8,11,row07440,-3,3
8,5,row14718,3,3
5,2,row03854,3,3
7,4,row23066,3,3
8,5,row14706,3,3
6,3,row16358,3,3
7,4,row22155,3,3
9,12,row17865,-3,3
8,5,row14444,3,3
7,4,row06371,3,3
8,5,row17678,3,3
5,8,row13318,-3,3
7,4,row06553,3,3
7,4,row21658,3,3
6,3,row19224,3,3
6,3,row05737,3,3
11,8,row10261,3,3
9,6,row08424,3,3
7,4,row12454,3,3
10,7,row09318,3,3
7,4,row23102,3,3
6,3,row05501,3,3
8,11,row16681,-3,3
5,2,row04106,3,3
7,4,row22287,3,3
8,5,row17770,3,3
7,4,row23163,3,3
8,5,row14503,3,3
7,10,row21968,-3,3
7,10,row21415,-3,3
6,3,row05104,3,3
7,4,row06309,3,3
8,5,row14494,3,3
7,4,row21832,3,3
7,10,row21277,-3,3
9,6,row17967,3,3
8,11,row14261,-3,3
8,11,row14319,-3,3
7,4,row21645,3,3
7,4,row06871,3,3
7,4,row22828,3,3
8,5,row17785,3,3
8,11,row13817,-3,3
7,4,row06320,3,3
7,4,row21760,3,3
6,9,row04749,-3,3
9,12,row08557,-3,3
4,7,row23411,-3,3
8,5,row07544,3,3
11,8,row09715,3,3
11,8,row10118,3,3
8,5,row14543,3,3
4,7,row23436,-3,3
7,4,row23138,3,3
10,7,row09321,3,3
6,3,row04725,3,3
8,5,row07569,3,3
9,12,row17809,-3,3
7,4,row06483,3,3
7,4,row06454,3,3
7,4,row23130,3,3
8,11,row17357,-3,3
8,5,row17474,3,3
6,3,row15756,3,3
9,12,row08370,-3,3
8,5,row14561,3,3
7,4,row23071,3,3
7,4,row06287,3,3
7,4,row22264,3,3
5,2,row04307,3,3
8,5,row17700,3,3
7,4,row23116,3,3
7,4,row23034,3,3
8,5,row17720,3,3
6,9,row15688,-3,3
8,5,row17636,3,3
7,4,row23103,3,3
9,12,row18299,-3,3
7,4,row23000,3,3
5,2,row13516,3,3
7,10,row06493,-3,3
4,1,row02575,3,3
8,5,row14529,3,3
8,5,row17465,3,3
7,4,row06221,3,3
7,10,row22081,-3,3
10,7,row09552,3,3
7,10,row22096,-3,3
11,8,row09714,3,3
8,5,row17251,3,3
6,3,row05113,3,3
8,5,row17501,3,3
10,7,row09298,3,3
8,11,row07255,-3,3
7,10,row21931,-3,3
5,2,row03941,3,3
5,2,row04283,3,3
7,4,row23057,3,3
8,5,row17222,3,3
7,4,row06701,3,3
10,7,row08895,3,3
5,8,row13302,-3,3
8,5,row17668,3,3
6,3,row20363,3,3
12,9,row11704,3,3
7,4,row06318,3,3
7,4,row06769,3,3
8,11,row15171,-3,3
9,6,row17972,3,3
5,2,row04293,3,3
7,4,row23109,3,3
9,12,row07857,-3,3
10,7,row09132,3,3
7,4,row22950,3,3
9,12,row08633,-3,3
8,11,row07319,-3,3
5,2,row04004,3,3
8,5,row17260,3,3
8,5,row14505,3,3
8,5,row14614,3,3
7,4,row12536,3,3
7,4,row06361,3,3
8,5,row07586,3,3
9,6,row08431,3,3
7,10,row21285,-3,3
7,10,row21591,-3,3
6,3,row19588,3,3
7,4,row23059,3,3
7,10,row06476,-3,3
5,2,row04301,3,3
8,11,row14636,-3,3
7,4,row06481,3,3
7,4,row06293,3,3
7,4,row21914,3,3
8,5,row17695,3,3
11,8,row09598,3,3
7,4,row06257,3,3
7,4,row21613,3,3
7,4,row22296,3,3
8,5,row07580,3,3
8,5,row14446,3,3
5,2,row03879,3,3
7,4,row23088,3,3
4,7,row23491,-3,3
9,6,row08459,3,3
8,5,row17638,3,3
8,5,row17497,3,3
11,8,row09693,3,3
6,3,row05962,3,3
7,4,row06377,3,3
7,4,row21785,3,3
7,4,row06363,3,3
8,5,row17791,3,3
7,4,row23141,3,3
6,9,row20432,-3,3
7,4,row06199,3,3
11,8,row10074,3,3
7,4,row06225,3,3
7,10,row20835,-3,3
8,5,row17604,3,3
3,0,row02315,3,3
8,5,row17772,3,3
6,3,row19267,3,3
8,11,row15119,-3,3
6,3,row05169,3,3
9,12,row08097,-3,3
9,12,row18335,-3,3
7,4,row12711,3,3
7,10,row22055,-3,3
8,5,row14447,3,3
6,3,row05745,3,3
5,2,row13520,3,3
8,5,row07584,3,3
6,9,row16187,-3,3
7,10,row06366,-3,3
4,7,row02643,-3,3
7,10,row06470,-3,3
8,11,row07344,-3,3
8,5,row14514,3,3
7,4,row20852,3,3
8,5,row14506,3,3
8,5,row17599,3,3
7,4,row22255,3,3
9,6,row08472,3,3
7,4,row23077,3,3
4,1,row23637,3,3
7,4,row06632,3,3
8,5,row17342,3,3
5,8,row03718,-3,3
8,11,row16916,-3,3
8,5,row07560,3,3
6,9,row15889,-3,3
7,4,row21681,3,3
7,4,row20665,3,3
8,5,row17569,3,3
8,5,row14441,3,3
4,1,row03387,3,3
9,12,row17833,-3,3
10,7,row09296,3,3
7,4,row06214,3,3
8,5,row17677,3,3
7,4,row06237,3,3
7,10,row20683,-3,3
7,10,row06459,-3,3
4,1,row23648,3,3
8,5,row17271,3,3
7,10,row22517,-3,3
7,4,row06238,3,3
5,2,row03942,3,3
7,10,row06385,-3,3
5,8,row13675,-3,3
7,4,row21608,3,3
8,5,row17231,3,3
5,2,row04006,3,3
7,10,row21454,-3,3
6,9,row15880,-3,3
7,4,row20888,3,3
8,11,row06968,-3,3
7,4,row22192,3,3
7,4,row22274,3,3
8,5,row17515,3,3
5,2,row03887,3,3
8,11,row07666,-3,3
3,0,row02180,3,3
9,6,row08448,3,3
7,4,row06248,3,3
7,10,row21440,-3,3
8,11,row14655,-3,3
0,3,row00462,-3,3
7,10,row20619,-3,3
6,3,row19237,3,3
5,2,row03934,3,3
6,3,row16359,3,3
8,5,row17594,3,3
8,11,row17338,-3,3
7,10,row22030,-3,3
7,4,row12692,3,3
8,5,row17564,3,3
12,9,row11256,3,3
8,5,row17223,3,3
7,4,row20699,3,3
8,5,row07657,3,3
7,10,row21910,-3,3
7,10,row21138,-3,3
5,8,row03646,-3,3
8,11,row13799,-3,3
7,4,row23021,3,3
7,4,row06473,3,3
5,8,row03845,-3,3
7,10,row21592,-3,3
8,11,row16687,-3,3
2,5,row00923,-3,3
7,10,row21426,-3,3
7,10,row22558,-3,3
7,10,row21751,-3,3
7,4,row23121,3,3
8,5,row17704,3,3
7,10,row22675,-3,3
7,4,row23120,3,3
7,10,row22037,-3,3
4,1,row03079,3,3
7,4,row06468,3,3
8,11,row14668,-3,3
8,5,row17738,3,3
5,2,row03710,3,3
7,4,row23137,3,3
7,4,row23149,3,3
8,5,row17711,3,3
7,4,row21053,3,3
7,4,row12961,3,3
7,10,row22700,-3,3
8,11,row07665,-3,3
7,4,row21701,3,3
7,4,row23173,3,3
8,5,row14534,3,3
7,4,row20892,3,3
8,11,row06971,-3,3
12,9,row12263,3,3
7,4,row06735,3,3
6,3,row05420,3,3
7,10,row21180,-3,3
7,10,row21463,-3,3
7,4,row12702,3,3
8,11,row15091,-3,3
8,5,row07556,3,3
9,12,row08158,-3,3
5,2,row04351,3,3
8,5,row07374,3,3
5,2,row03903,3,3
7,4,row06738,3,3
8,11,row16648,-3,3
7,4,row06362,3,3
5,2,row03495,3,3
10,7,row08932,3,3
6,3,row05450,3,3
7,4,row23045,3,3
7,4,row12616,3,3
7,4,row12608,3,3
8,5,row14498,3,3
4,7,row02493,-3,3
7,4,row06249,3,3
11,8,row10056,3,3
7,4,row06440,3,3
7,10,row21980,-3,3
7,4,row12707,3,3
7,10,row06693,-3,3
8,11,row16661,-3,3
5,2,row04322,3,3
7,4,row06551,3,3
5,2,row04343,3,3
8,5,row14539,3,3
7,10,row21149,-3,3
11,8,row10067,3,3
8,5,row07605,3,3
8,5,row14872,3,3
6,9,row04755,-3,3
7,10,row21365,-3,3
7,4,row06254,3,3
7,4,row22300,3,3
8,11,row14854,-3,3
8,5,row07568,3,3
7,10,row22652,-3,3
8,5,row14499,3,3
8,5,row17495,3,3
5,2,row04312,3,3
7,4,row12586,3,3
7,10,row21371,-3,3
9,12,row17978,-3,3
7,10,row06281,-3,3
7,10,row20617,-3,3
5,2,row13168,3,3
4,1,row03261,3,3
8,5,row07574,3,3
9,6,row18502,3,3
7,4,row06710,3,3
7,4,row06294,3,3
7,4,row06314,3,3
8,5,row07543,3,3
5,2,row04005,3,3
9,6,row08420,3,3
8,5,row17458,3,3
2,5,row01733,-3,3
9,12,row18076,-3,3
7,4,row21828,3,3
7,4,row23098,3,3
8,5,row07571,3,3
7,4,row21818,3,3
7,4,row23132,3,3
5,2,row03711,3,3
10,7,row09305,3,3
8,5,row17238,3,3
8,5,row17559,3,3
5,8,row03411,-3,3
5,2,row04083,3,3
4,7,row23273,-3,3
5,8,row13369,-3,3
8,5,row17229,3,3
7,4,row22258,3,3
7,4,row23079,3,3
7,4,row06353,3,3
7,10,row21159,-3,3
9,6,row08575,3,3
5,2,row04347,3,3
7,4,row06203,3,3
6,3,row15817,3,3
6,3,row19225,3,3
7,4,row12679,3,3
7,4,row06283,3,3
8,5,row14557,3,3
7,4,row06232,3,3
9,6,row08102,3,3
7,10,row21504,-3,3
4,7,row23495,-3,3
7,4,row21722,3,3
11,8,row10288,3,3
12,9,row12228,3,3
8,5,row17256,3,3
10,7,row09490,3,3
8,5,row14509,3,3
7,4,row22267,3,3
6,3,row15808,3,3
6,9,row05954,-3,3
8,5,row07578,3,3
11,8,row09699,3,3
10,7,row09289,3,3
8,11,row14109,-3,3
8,5,row17624,3,3
7,4,row06295,3,3
9,6,row08415,3,3
8,5,row14497,3,3
8,5,row14544,3,3
8,5,row17575,3,3
5,2,row03946,3,3
7,4,row23125,3,3
7,4,row22067,3,3
7,10,row21142,-3,3
8,11,row14271,-3,3
7,4,row06274,3,3
7,4,row06842,3,3
7,10,row22467,-3,3
2,5,row01789,-3,3
7,10,row22130,-3,3
8,5,row17705,3,3
9,6,row08426,3,3
8,5,row17518,3,3
8,5,row17502,3,3
7,10,row20935,-3,3
9,6,row08462,3,3
7,10,row12963,-3,3
8,5,row07552,3,3
10,7,row09236,3,3
8,11,row07051,-3,3
7,4,row06548,3,3
7,4,row23095,3,3
5,2,row03943,3,3
4,7,row23456,-3,3
7,4,row06206,3,3
4,7,row23406,-3,3
7,4,row06291,3,3
7,10,row20810,-3,3
7,4,row21595,3,3
6,3,row05720,3,3
7,4,row23084,3,3
5,2,row03932,3,3
9,12,row18260,-3,3
6,9,row16265,-3,3
9,6,row08088,3,3
7,10,row21170,-3,3
7,10,row12882,-3,3
7,10,row21969,-3,3
8,5,row17540,3,3
5,2,row04088,3,3
8,11,row15190,-3,3
8,11,row07050,-3,3
7,4,row23090,3,3
6,3,row04584,3,3
8,11,row07435,-3,3
6,3,row15799,3,3
8,5,row17462,3,3
8,5,row14453,3,3
7,4,row22298,3,3
8,5,row14517,3,3
6,9,row16328,-3,3
7,4,row06299,3,3
7,10,row21237,-3,3
7,10,row22490,-3,3
6,3,row15515,3,3
7,4,row06202,3,3
8,5,row07538,3,3
8,5,row17499,3,3
9,6,row18082,3,3
5,2,row13500,3,3
5,2,row13535,3,3
8,5,row17623,3,3
7,4,row06526,3,3
9,12,row08335,-3,3
8,5,row17771,3,3
6,9,row05419,-3,3
9,12,row18626,-3,3
7,10,row21152,-3,3
8,11,row16689,-3,3
8,5,row14462,3,3
8,5,row07615,3,3
7,10,row22408,-3,3
6,3,row05160,3,3
7,4,row06851,3,3
7,4,row06874,3,3
5,2,row04093,3,3
9,12,row17936,-3,3
7,4,row23134,3,3
6,9,row04825,-3,3
6,9,row05705,-3,3
5,2,row04326,3,3
5,2,row03620,3,3
7,10,row06140,-3,3
9,6,row08454,3,3
8,5,row17685,3,3
7,4,row23022,3,3
7,4,row23144,3,3
7,4,row06192,3,3
6,3,row15779,3,3
8,5,row17658,3,3
7,4,row06336,3,3
7,4,row23158,3,3
8,5,row17511,3,3
7,4,row20705,3,3
9,6,row08440,3,3
7,10,row20635,-3,3
6,3,row15789,3,3
8,5,row14705,3,3
7,10,row21442,-3,3
8,5,row17733,3,3
4,7,row23602,-3,3
7,10,row22079,-3,3
10,7,row08875,3,3
7,4,row21700,3,3
2,5,row01718,-3,3
7,10,row21017,-3,3
5,2,row03805,3,3
8,11,row15100,-3,3
7,10,row22469,-3,3
7,10,row12510,-3,3
6,3,row05092,3,3
7,4,row23107,3,3
7,4,row21771,3,3
7,10,row21173,-3,3
7,4,row23140,3,3
8,5,row17800,3,3
8,11,row13859,-3,3
8,5,row17504,3,3
8,5,row14937,3,3
7,4,row20836,3,3
5,2,row13495,3,3
7,4,row22271,3,3
10,7,row08917,3,3
6,3,row16122,3,3
8,5,row17691,3,3
7,4,row06223,3,3
7,10,row20584,-3,3
8,5,row07585,3,3
9,12,row18196,-3,3
8,5,row14536,3,3
7,10,row06747,-3,3
7,4,row21816,3,3
7,4,row21821,3,3
9,12,row08243,-3,3
5,2,row13532,3,3
8,5,row17254,3,3
7,10,row21720,-3,3
8,11,row14841,-3,3
7,4,row06296,3,3
5,2,row03918,3,3
8,5,row14727,3,3
9,12,row18541,-3,3
7,4,row23143,3,3
7,4,row21967,3,3
8,5,row17578,3,3
7,4,row21687,3,3
7,10,row21030,-3,3
8,5,row07570,3,3
7,4,row06848,3,3
7,4,row22169,3,3
7,4,row06711,3,3
6,9,row16429,-3,3
7,4,row06194,3,3
9,6,row08467,3,3
7,4,row22288,3,3
6,3,row15823,3,3
7,10,row21977,-3,3
8,11,row16656,-3,3
7,10,row21397,-3,3
7,4,row21153,3,3
7,4,row06472,3,3
7,10,row21355,-3,3
5,2,row13512,3,3
8,5,row14553,3,3
8,5,row14538,3,3
8,5,row14501,3,3
8,11,row14927,-3,3
6,9,row05774,-3,3
8,5,row17725,3,3
8,11,row07039,-3,3
5,8,row03802,-3,3
8,11,row07053,-3,3
7,10,row20575,-3,3
9,12,row18533,-3,3
7,4,row12551,3,3
8,5,row17669,3,3
7,4,row06220,3,3
6,3,row05451,3,3
7,4,row22256,3,3
9,6,row08442,3,3
4,7,row23218,-3,3
6,9,row05732,-3,3
7,4,row23159,3,3
7,4,row06732,3,3
6,3,row05701,3,3
7,10,row22339,-3,3
8,5,row17757,3,3
7,10,row21163,-3,3
7,10,row21718,-3,3
9,6,row08445,3,3
7,4,row21805,3,3
5,2,row13537,3,3
6,9,row04777,-3,3
7,4,row23040,3,3
6,9,row16145,-3,3
7,4,row06324,3,3
8,11,row14786,-3,3
8,5,row17675,3,3
7,4,row06319,3,3
5,2,row04302,3,3
4,7,row23488,-3,3
8,11,row13822,-3,3
8,5,row17673,3,3
7,4,row23110,3,3
8,5,row14703,3,3
8,5,row17790,3,3
8,5,row14513,3,3
7,4,row06272,3,3
6,3,row05143,3,3
7,4,row06348,3,3
7,4,row22299,3,3
7,10,row22610,-3,3
7,4,row22277,3,3
6,3,row19226,3,3
5,2,row03852,3,3
7,10,row22243,-3,3
8,5,row14556,3,3
8,11,row13923,-3,3
6,3,row19222,3,3
7,4,row21661,3,3
8,5,row14554,3,3
7,4,row21819,3,3
6,3,row16365,3,3
8,11,row07670,-3,3
9,12,row08642,-3,3
7,4,row06360,3,3
4,7,row23590,-3,3
8,5,row17696,3,3
7,4,row06306,3,3
7,4,row22257,3,3
8,5,row14422,3,3
8,5,row17056,3,3
7,10,row21201,-3,3
6,9,row05083,-3,3
5,2,row04327,3,3
8,11,row14812,-3,3
7,10,row22040,-3,3
8,11,row16726,-3,3
8,5,row17521,3,3
8,5,row17583,3,3
8,5,row17679,3,3
5,2,row04131,3,3
5,2,row04332,3,3
7,10,row21165,-3,3
7,4,row06218,3,3
9,6,row18322,3,3
0,3,row00430,-3,3
8,5,row07542,3,3
8,11,row16754,-3,3
3,0,row02266,3,3
8,11,row14052,-3,3
9,6,row08520,3,3
7,4,row21405,3,3
7,10,row21225,-3,3
8,5,row17560,3,3
8,5,row17671,3,3
8,5,row17631,3,3
6,3,row05672,3,3
7,10,row21257,-3,3
10,7,row09264,3,3
9,6,row08413,3,3
8,5,row17698,3,3
8,5,row07197,3,3
8,5,row17683,3,3
11,8,row09705,3,3
5,2,row04341,3,3
7,4,row06262,3,3
7,10,row22457,-3,3
8,5,row07576,3,3
7,4,row22928,3,3
8,11,row07328,-3,3
8,11,row07404,-3,3
5,2,row13497,3,3
8,5,row14518,3,3
7,4,row21607,3,3
6,9,row05750,-3,3
8,5,row17571,3,3
7,4,row21815,3,3
5,2,row04297,3,3
8,5,row17650,3,3
7,4,row06478,3,3
7,4,row06857,3,3
7,4,row21663,3,3
6,9,row15928,-3,3
9,12,row08533,-3,3
8,5,row14520,3,3
7,4,row06456,3,3
5,8,row04468,-3,3
6,3,row05513,3,3
7,10,row21787,-3,3
8,5,row07557,3,3
8,11,row07016,-3,3
7,4,row21839,3,3
8,5,row14433,3,3
7,4,row06477,3,3
11,8,row10052,3,3
8,11,row07480,-3,3
4,1,row02660,3,3
5,2,row04342,3,3
6,3,row05495,3,3
7,10,row21685,-3,3
5,2,row13499,3,3
8,5,row07592,3,3
6,9,row16147,-3,3
5,2,row13498,3,3
7,4,row23131,3,3
8,5,row07588,3,3
7,4,row06250,3,3
8,5,row07536,3,3
8,5,row17588,3,3
7,10,row21554,-3,3
8,11,row07321,-3,3
8,11,row14819,-3,3
7,4,row23067,3,3
7,4,row23051,3,3
5,2,row04082,3,3
8,5,row17055,3,3
7,4,row12728,3,3
6,9,row16422,-3,3
7,10,row06572,-3,3
8,5,row14504,3,3
5,2,row04236,3,3
7,4,row06244,3,3
7,10,row22035,-3,3
7,4,row12709,3,3
7,4,row23105,3,3
7,4,row06486,3,3
10,7,row09339,3,3
7,4,row23133,3,3
8,11,row14780,-3,3
7,4,row12533,3,3
8,11,row07057,-3,3
8,11,row14790,-3,3
8,5,row17775,3,3
9,12,row18037,-3,3
5,2,row03939,3,3
10,7,row08940,3,3
8,5,row07492,3,3
7,4,row06275,3,3
8,5,row16812,3,3
9,12,row17925,-3,3
4,7,row23519,-3,3
4,7,row23348,-3,3
4,7,row23194,-3,3
7,4,row20728,3,3
10,7,row08876,3,3
7,4,row23135,3,3
7,4,row23153,3,3
7,4,row21056,3,3
7,4,row21793,3,3
10,7,row09282,3,3
6,3,row05463,3,3
7,4,row22293,3,3
8,5,row14551,3,3
8,5,row17701,3,3
7,4,row22995,3,3
6,3,row05530,3,3
5,2,row03944,3,3
5,8,row04479,-3,3
7,4,row06304,3,3
7,4,row21071,3,3
7,4,row23108,3,3
7,4,row22301,3,3
6,3,row16368,3,3
8,5,row16901,3,3
7,4,row21739,3,3
7,10,row21389,-3,3
6,3,row05961,3,3
7,4,row06846,3,3
8,5,row17692,3,3
7,4,row06217,3,3
7,4,row21758,3,3
10,7,row09301,3,3
8,5,row17637,3,3
7,4,row23082,3,3
8,5,row14739,3,3
7,4,row22954,3,3
5,2,row04299,3,3
7,4,row22295,3,3
8,5,row07551,3,3
7,10,row21553,-3,3
7,4,row06347,3,3
7,10,row06687,-3,3
7,4,row12714,3,3
6,3,row05466,3,3
6,9,row05336,-3,3
7,4,row06286,3,3
7,4,row06277,3,3
7,4,row22263,3,3
5,2,row03625,3,3
8,11,row14114,-3,3
7,4,row21752,3,3
11,8,row10059,3,3
7,4,row06723,3,3
8,11,row16976,-3,3
8,11,row14789,-3,3
6,9,row20243,-3,3
7,10,row21136,-3,3
8,5,row17670,3,3
7,4,row06367,3,3
5,2,row03929,3,3
7,4,row23154,3,3
11,8,row10293,3,3
7,10,row21008,-3,3
5,2,row04291,3,3
8,5,row07577,3,3
8,11,row15084,-3,3
5,8,row13151,-3,3
7,10,row21810,-3,3
7,10,row21175,-3,3
6,3,row05505,3,3
8,5,row14427,3,3
7,4,row22120,3,3
7,4,row06364,3,3
7,4,row06357,3,3
6,3,row16406,3,3
6,9,row05932,-3,3
7,4,row23083,3,3
11,8,row10285,3,3
8,11,row07462,-3,3
8,5,row17509,3,3
6,3,row15825,3,3
9,6,row08443,3,3
7,4,row22940,3,3
7,10,row06102,-3,3
8,5,row07591,3,3
7,10,row21278,-3,3
7,10,row22528,-3,3
7,4,row06251,3,3
8,5,row17506,3,3
7,4,row06191,3,3
10,7,row09302,3,3
8,5,row17498,3,3
7,4,row06847,3,3
8,5,row07444,3,3
8,5,row17513,3,3
5,2,row04112,3,3
9,6,row08399,3,3
7,10,row21991,-3,3
8,11,row07042,-3,3
11,8,row09713,3,3
6,9,row04908,-3,3
8,5,row17774,3,3
7,10,row21464,-3,3
7,10,row06303,-3,3
6,9,row16241,-3,3
7,10,row20577,-3,3
7,4,row21836,3,3
7,4,row22266,3,3
7,4,row23164,3,3
8,11,row15062,-3,3
11,8,row10263,3,3
8,5,row14515,3,3
7,4,row06370,3,3
9,6,row08500,3,3
7,10,row21423,-3,3
7,10,row21844,-3,3
5,2,row13545,3,3
8,5,row17440,3,3
7,4,row23074,3,3
11,8,row09971,3,3
12,9,row11580,3,3
8,5,row07613,3,3
7,10,row22045,-3,3
7,4,row21779,3,3
7,4,row12650,3,3
8,5,row14559,3,3
7,4,row06334,3,3
7,4,row12708,3,3
5,2,row03928,3,3
6,3,row20301,3,3
6,3,row05478,3,3
7,4,row22620,3,3
8,11,row13989,-3,3
7,4,row23104,3,3
8,11,row16818,-3,3
5,2,row13510,3,3
5,2,row04294,3,3
8,5,row07447,3,3
9,12,row18197,-3,3
8,5,row07548,3,3
5,2,row04128,3,3
7,10,row06949,-3,3
8,5,row14502,3,3
7,4,row21706,3,3
7,4,row06452,3,3
7,4,row21682,3,3
8,5,row17611,3,3
8,5,row17520,3,3
7,4,row06731,3,3
5,2,row04160,3,3
5,2,row04284,3,3
11,8,row10279,3,3
7,4,row12719,3,3
8,11,row07406,-3,3
4,7,row03181,-3,3
9,12,row17898,-3,3
4,7,row23571,-3,3
8,11,row17142,-3,3
6,9,row18799,-3,3
7,4,row22820,3,3
7,4,row06380,3,3
6,9,row15276,-3,3
7,4,row21686,3,3
7,10,row20658,-3,3
7,4,row06279,3,3
7,4,row23151,3,3
5,8,row03961,-3,3
7,4,row22843,3,3
8,11,row14394,-3,3
7,10,row22025,-3,3
7,4,row06305,3,3
11,8,row09633,3,3
11,8,row10134,3,3
8,5,row17603,3,3
8,11,row16783,-3,3
8,5,row17614,3,3
6,3,row05953,3,3
7,4,row06096,3,3
6,3,row15767,3,3
4,1,row02620,3,3
7,10,row20858,-3,3
8,5,row07541,3,3
7,4,row06310,3,3
8,5,row17591,3,3
5,8,row13589,-3,3
8,5,row14735,3,3
9,12,row17980,-3,3
9,12,row17834,-3,3
8,5,row07676,3,3
8,5,row14526,3,3
8,5,row17572,3,3
8,5,row17064,3,3
2,5,row01542,-3,3
5,2,row04220,3,3
7,4,row21820,3,3
8,5,row17783,3,3
8,5,row14540,3,3
8,5,row14535,3,3
6,9,row15413,-3,3
10,7,row09308,3,3
7,4,row06725,3,3
7,10,row21217,-3,3
7,4,row22952,3,3
7,4,row22793,3,3
8,5,row14537,3,3
7,4,row22261,3,3
9,6,row18105,3,3
3,0,row02407,3,3
8,5,row17464,3,3
8,5,row07649,3,3
6,3,row15602,3,3
9,6,row08499,3,3
8,5,row07579,3,3
7,10,row21598,-3,3
8,11,row16925,-3,3
7,10,row21556,-3,3
8,5,row17306,3,3
4,7,row23493,-3,3
5,2,row03891,3,3
6,3,row05699,3,3
8,5,row17516,3,3
6,3,row19265,3,3
8,11,row14423,-3,3
5,2,row04107,3,3
8,5,row16869,3,3
7,4,row06265,3,3
4,7,row02827,-3,3
9,6,row08439,3,3
7,4,row06365,3,3
8,5,row17629,3,3
8,11,row13838,-3,3
6,3,row18972,3,3
7,4,row06142,3,3
5,2,row04239,3,3
8,11,row16956,-3,3
5,8,row13783,-3,3
8,5,row17634,3,3
8,11,row14675,-3,3
7,4,row06188,3,3
7,4,row23043,3,3
0,3,row00454,-3,3
5,2,row04310,3,3
11,8,row09595,3,3
8,11,row14948,-3,3
8,5,row07563,3,3
7,4,row22270,3,3
9,6,row08436,3,3
8,5,row17538,3,3
7,10,row21320,-3,3
11,8,row10334,3,3
8,5,row17519,3,3
6,3,row05013,3,3
7,10,row22560,-3,3
6,3,row15583,3,3
5,8,row13149,-3,3
5,2,row04339,3,3
8,5,row14519,3,3
8,11,row16663,-3,3
8,11,row13895,-3,3
8,5,row14533,3,3
7,10,row22165,-3,3
7,4,row23065,3,3
7,4,row06868,3,3
8,5,row14704,3,3
5,2,row04092,3,3
8,5,row17688,3,3
8,11,row14683,-3,3
7,4,row22949,3,3
7,10,row21349,-3,3
5,2,row03945,3,3
9,12,row08585,-3,3
7,4,row21971,3,3
5,2,row13543,3,3
7,4,row06475,3,3
6,3,row19571,3,3
8,11,row17353,-3,3
9,6,row08429,3,3
8,5,row16983,3,3
6,3,row05742,3,3
7,4,row20874,3,3
8,11,row15083,-3,3
6,3,row19228,3,3
8,11,row17173,-3,3
7,4,row06198,3,3
8,11,row13942,-3,3
6,9,row04495,-3,3
7,10,row21566,-3,3
10,7,row09140,3,3
8,11,row14136,-3,3
11,8,row10262,3,3
7,4,row21807,3,3
6,9,row19118,-3,3
7,4,row23118,3,3
7,10,row20815,-3,3
6,3,row05960,3,3
8,11,row07653,-3,3
7,4,row06302,3,3
7,4,row06282,3,3
8,11,row14908,-3,3
7,10,row21150,-3,3
8,11,row14756,-3,3
9,6,row08422,3,3
5,2,row13496,3,3
7,4,row21817,3,3
7,10,row22563,-3,3
6,9,row20412,-3,3
9,6,row08419,3,3
8,5,row07182,3,3
8,5,row07103,3,3
6,9,row16069,-3,3
8,5,row07652,3,3
7,4,row21827,3,3
7,10,row20796,-3,3
8,11,row16673,-3,3
9,12,row17851,-3,3
4,2,row02661,2,2
8,10,row07448,-2,2
5,3,row03706,2,2
6,8,row19373,-2,2
6,4,row15806,2,2
0,2,row00157,-2,2
5,7,row03455,-2,2
8,6,row17585,2,2
6,4,row18964,2,2
9,11,row17846,-2,2
8,6,row14926,2,2
6,4,row04786,2,2
6,8,row05324,-2,2
4,2,row03285,2,2
9,7,row18459,2,2
2,4,row00967,-2,2
11,9,row09985,2,2
9,11,row17828,-2,2
8,6,row14511,2,2
9,11,row18008,-2,2
8,10,row15120,-2,2
6,8,row19129,-2,2
4,2,row02747,2,2
1,3,row00823,-2,2
1,3,row00681,-2,2
8,10,row17080,-2,2
4,2,row02797,2,2
10,12,row08784,-2,2
7,9,row22338,-2,2
8,6,row07471,2,2
5,3,row03893,2,2
3,1,row02295,2,2
6,4,row04948,2,2
8,6,row14460,2,2
8,6,row17463,2,2
6,4,row05667,2,2
5,7,row04470,-2,2
6,4,row04959,2,2
6,4,row20277,2,2
6,4,row05144,2,2
8,10,row15056,-2,2
6,8,row19784,-2,2
7,5,row22915,2,2
9,7,row08486,2,2
9,11,row18291,-2,2
6,4,row04894,2,2
6,4,row19587,2,2
8,6,row07567,2,2
9,11,row07723,-2,2
6,4,row05725,2,2
6,4,row16117,2,2
8,6,row14939,2,2
10,12,row08796,-2,2
9,11,row08289,-2,2
9,7,row08411,2,2
7,5,row12478,2,2
4,2,row03353,2,2
6,4,row19453,2,2
6,4,row05459,2,2
5,3,row03818,2,2
2,4,row01473,-2,2
11,9,row09638,2,2
11,9,row09827,2,2
7,5,row06879,2,2
7,5,row06346,2,2
3,5,row01792,-2,2
6,8,row05788,-2,2
4,2,row02780,2,2
7,5,row06672,2,2
11,9,row10302,2,2
7,5,row12655,2,2
9,7,row17960,2,2
3,1,row02154,2,2
10,12,row08685,-2,2
7,5,row12979,2,2
6,8,row19318,-2,2
11,9,row09944,2,2
8,10,row15116,-2,2
7,5,row06704,2,2
6,8,row04964,-2,2
11,9,row10892,2,2
7,5,row06797,2,2
5,3,row04100,2,2
8,10,row13921,-2,2
5,7,row13319,-2,2
4,2,row02806,2,2
5,7,row04401,-2,2
9,11,row17850,-2,2
8,6,row07510,2,2
6,4,row15495,2,2
8,10,row16741,-2,2
6,8,row19634,-2,2
6,4,row15960,2,2
9,11,row18190,-2,2
7,5,row06876,2,2
4,2,row02607,2,2
7,5,row22254,2,2
6,4,row16361,2,2
6,4,row05937,2,2
7,9,row22063,-2,2
3,1,row02321,2,2
6,4,row05523,2,2
11,9,row09862,2,2
6,4,row16369,2,2
7,5,row12606,2,2
7,5,row06892,2,2
0,2,row00036,-2,2
9,11,row18321,-2,2
6,4,row15582,2,2
6,4,row15707,2,2
6,4,row18958,2,2
7,5,row06517,2,2
5,7,row03489,-2,2
6,4,row05934,2,2
7,9,row22992,-2,2
5,7,row13582,-2,2
7,5,row12623,2,2
4,2,row02852,2,2
8,6,row17261,2,2
8,6,row07692,2,2
8,6,row07641,2,2
9,7,row07841,2,2
5,7,row13336,-2,2
7,5,row21650,2,2
10,8,row09171,2,2
6,8,row05401,-2,2
5,7,row04466,-2,2
7,9,row22836,-2,2
6,4,row05710,2,2
9,7,row08476,2,2
9,11,row08534,-2,2
6,4,row16097,2,2
8,10,row07637,-2,2
7,5,row12994,2,2
7,5,row23175,2,2
3,1,row02194,2,2
5,3,row03817,2,2
5,7,row13710,-2,2
4,2,row23726,2,2
5,3,row03756,2,2
6,8,row04920,-2,2
6,4,row16609,2,2
7,9,row21936,-2,2
6,4,row05706,2,2
6,4,row05731,2,2
7,5,row06159,2,2
6,4,row18888,2,2
9,7,row18102,2,2
8,6,row07689,2,2
10,8,row09194,2,2
6,4,row05743,2,2
10,8,row09344,2,2
6,8,row15787,-2,2
6,4,row15581,2,2
9,11,row07884,-2,2
6,4,row15703,2,2
8,6,row07397,2,2
9,11,row17973,-2,2
10,8,row09230,2,2
4,2,row03367,2,2
12,10,row12340,2,2
6,4,row05021,2,2
7,5,row22998,2,2
8,6,row07084,2,2
7,5,row12904,2,2
9,7,row18108,2,2
6,4,row16281,2,2
6,4,row05525,2,2
6,4,row15820,2,2
7,5,row12658,2,2
11,9,row10978,2,2
4,2,row02807,2,2
11,9,row10895,2,2
1,3,row00499,-2,2
9,11,row08636,-2,2
4,6,row23712,-2,2
7,5,row21754,2,2
8,10,row17325,-2,2
8,6,row17244,2,2
6,4,row15943,2,2
4,2,row02665,2,2
3,1,row02319,2,2
7,5,row12713,2,2
5,3,row04158,2,2
8,6,row17065,2,2
6,4,row19169,2,2
4,2,row02769,2,2
10,8,row09179,2,2
11,9,row09904,2,2
5,3,row13513,2,2
7,5,row12699,2,2
6,4,row20365,2,2
8,10,row17165,-2,2
6,4,row20273,2,2
6,4,row18890,2,2
4,2,row23518,2,2
6,4,row15957,2,2
8,6,row07539,2,2
6,4,row19260,2,2
6,4,row16336,2,2
8,6,row07655,2,2
6,4,row15720,2,2
11,9,row10409,2,2
9,11,row18259,-2,2
11,9,row09720,2,2
8,6,row07427,2,2
8,10,row13813,-2,2
8,10,row07329,-2,2
8,10,row13909,-2,2
9,7,row08400,2,2
7,5,row06460,2,2
2,4,row01039,-2,2
9,7,row08375,2,2
8,6,row17438,2,2
11,9,row09869,2,2
8,6,row07537,2,2
6,4,row15751,2,2
7,5,row06869,2,2
8,6,row16799,2,2
0,2,row00228,-2,2
8,10,row13881,-2,2
2,4,row01729,-2,2
6,4,row05131,2,2
8,6,row07261,2,2
11,9,row10065,2,2
7,9,row21039,-2,2
6,4,row05974,2,2
7,5,row06379,2,2
6,8,row16186,-2,2
9,11,row18427,-2,2
6,4,row16363,2,2
4,2,row02667,2,2
7,5,row06285,2,2
10,12,row09073,-2,2
6,8,row05890,-2,2
6,8,row05807,-2,2
12,10,row11367,2,2
8,6,row16803,2,2
9,11,row07833,-2,2
7,5,row06430,2,2
7,9,row21181,-2,2
5,7,row03951,-2,2
7,5,row12624,2,2
10,8,row09358,2,2
6,4,row19375,2,2
7,5,row06313,2,2
8,10,row07621,-2,2
8,6,row07634,2,2
6,4,row04608,2,2
9,11,row07767,-2,2
6,4,row15607,2,2
2,4,row01769,-2,2
8,10,row16653,-2,2
7,9,row20769,-2,2
2,4,row00962,-2,2
7,5,row06843,2,2
9,11,row18411,-2,2
8,10,row13880,-2,2
8,6,row14993,2,2
4,2,row02785,2,2
7,9,row23001,-2,2
8,10,row17081,-2,2
8,10,row14409,-2,2
7,5,row06867,2,2
6,4,row15834,2,2
8,6,row07003,2,2
8,10,row13868,-2,2
9,7,row18400,2,2
6,8,row19102,-2,2
11,9,row10730,2,2
6,4,row16333,2,2
4,2,row02668,2,2
7,5,row23101,2,2
8,6,row14548,2,2
5,7,row04382,-2,2
8,10,row07342,-2,2
6,4,row18968,2,2
8,6,row14432,2,2
8,10,row13948,-2,2
8,6,row07600,2,2
6,4,row15791,2,2
7,5,row22268,2,2
8,6,row07454,2,2
4,2,row23654,2,2
6,8,row19836,-2,2
8,6,row17239,2,2
8,6,row07390,2,2
6,8,row05550,-2,2
6,4,row05718,2,2
6,4,row05468,2,2
9,7,row08468,2,2
7,5,row06523,2,2
4,2,row03373,2,2
6,4,row15599,2,2
7,5,row12710,2,2
6,4,row16375,2,2
4,2,row02749,2,2
6,4,row16320,2,2
9,11,row17952,-2,2
8,6,row17296,2,2
6,4,row06056,2,2
8,6,row16906,2,2
6,8,row05233,-2,2
8,10,row13890,-2,2
8,10,row07620,-2,2
5,7,row03979,-2,2
6,8,row04999,-2,2
8,6,row07628,2,2
8,6,row17737,2,2
6,4,row16373,2,2
8,10,row16920,-2,2
7,5,row23039,2,2
8,10,row14056,-2,2
6,8,row20318,-2,2
9,11,row07740,-2,2
8,10,row14408,-2,2
6,4,row15792,2,2
6,4,row16499,2,2
4,2,row03357,2,2
6,8,row05826,-2,2
5,3,row03692,2,2
6,8,row19207,-2,2
9,11,row17935,-2,2
6,4,row18979,2,2
6,4,row18829,2,2
6,4,row15771,2,2
4,2,row03311,2,2
7,9,row21479,-2,2
6,8,row04524,-2,2
6,8,row15243,-2,2
7,5,row06666,2,2
8,10,row14609,-2,2
8,6,row16846,2,2
6,4,row16124,2,2
8,6,row17508,2,2
1,3,row00915,-2,2
7,5,row06464,2,2
7,5,row06777,2,2
7,9,row21418,-2,2
6,8,row19737,-2,2
9,11,row18001,-2,2
4,2,row02695,2,2
8,6,row07696,2,2
6,4,row15716,2,2
7,5,row20995,2,2
6,4,row18881,2,2
9,11,row08193,-2,2
7,5,row22462,2,2
6,4,row15727,2,2
6,4,row06053,2,2
6,8,row19847,-2,2
8,10,row17259,-2,2
8,10,row16768,-2,2
8,6,row14965,2,2
6,8,row15802,-2,2
7,5,row21702,2,2
7,9,row22466,-2,2
9,11,row08015,-2,2
7,9,row21948,-2,2
5,3,row03600,2,2
8,6,row17174,2,2
2,0,row01111,2,2
6,8,row19824,-2,2
5,3,row13528,2,2
8,6,row07085,2,2
2,4,row01719,-2,2
6,4,row06058,2,2
5,3,row03772,2,2
8,6,row16965,2,2
8,6,row16908,2,2
7,5,row23113,2,2
11,9,row09771,2,2
6,8,row19868,-2,2
11,9,row10519,2,2
10,8,row09554,2,2
7,5,row23161,2,2
8,6,row17522,2,2
7,5,row21107,2,2
2,4,row01083,-2,2
5,3,row03475,2,2
8,6,row16877,2,2
5,3,row03816,2,2
6,4,row05551,2,2
5,3,row04123,2,2
6,8,row19641,-2,2
8,6,row17514,2,2
2,4,row00956,-2,2
7,9,row21221,-2,2
7,5,row21088,2,2
8,6,row14385,2,2
6,4,row19508,2,2
9,11,row18516,-2,2
8,10,row14392,-2,2
10,12,row08960,-2,2
6,4,row05724,2,2
5,3,row03913,2,2
6,4,row05097,2,2
9,11,row18072,-2,2
7,5,row06419,2,2
6,8,row05172,-2,2
6,4,row05997,2,2
5,3,row03526,2,2
7,5,row06865,2,2
6,4,row20036,2,2
8,10,row07311,-2,2
11,9,row10423,2,2
6,4,row05979,2,2
8,10,row17485,-2,2
9,11,row07764,-2,2
9,11,row07820,-2,2
6,4,row19258,2,2
7,5,row06462,2,2
11,9,row10220,2,2
7,5,row22173,2,2
9,11,row07784,-2,2
8,10,row14313,-2,2
6,4,row06030,2,2
6,4,row15491,2,2
9,11,row18442,-2,2
6,4,row04930,2,2
6,4,row19536,2,2
7,9,row21921,-2,2
4,2,row23461,2,2
4,2,row02669,2,2
6,4,row05977,2,2
10,12,row08798,-2,2
5,3,row04350,2,2
6,8,row19246,-2,2
8,10,row14014,-2,2
6,8,row15677,-2,2
6,4,row15606,2,2
8,6,row17150,2,2
8,6,row14738,2,2
6,8,row19827,-2,2
7,5,row22294,2,2
4,2,row23653,2,2
6,4,row16372,2,2
9,7,row17962,2,2
4,2,row03351,2,2
6,4,row16128,2,2
7,5,row06565,2,2
6,8,row19863,-2,2
6,4,row15769,2,2
9,11,row18420,-2,2
9,7,row08398,2,2
8,6,row14426,2,2
6,4,row04862,2,2
6,4,row19017,2,2
4,2,row03294,2,2
3,1,row02241,2,2
8,6,row17302,2,2
9,11,row18421,-2,2
9,11,row17823,-2,2
6,4,row16120,2,2
5,3,row03587,2,2
12,10,row12205,2,2
8,6,row14429,2,2
8,6,row07359,2,2
6,4,row04887,2,2
8,10,row07220,-2,2
6,4,row19572,2,2
6,8,row06036,-2,2
9,11,row08409,-2,2
10,8,row09361,2,2
6,4,row15731,2,2
8,6,row17274,2,2
3,1,row02262,2,2
9,11,row17866,-2,2
7,9,row21206,-2,2
8,10,row07237,-2,2
6,8,row05374,-2,2
2,4,row01475,-2,2
6,8,row19751,-2,2
4,2,row02859,2,2
8,6,row07575,2,2
6,8,row20198,-2,2
4,2,row02856,2,2
9,11,row07724,-2,2
6,4,row18940,2,2
10,8,row09131,2,2
10,12,row08769,-2,2
6,4,row05111,2,2
6,4,row15500,2,2
9,11,row18226,-2,2
3,1,row02311,2,2
9,11,row08093,-2,2
6,4,row20269,2,2
5,3,row03714,2,2
8,10,row14777,-2,2
6,8,row05498,-2,2
5,3,row04331,2,2
9,11,row18248,-2,2
8,6,row17299,2,2
5,7,row04448,-2,2
7,9,row06228,-2,2
10,8,row09334,2,2
8,6,row07385,2,2
6,4,row06027,2,2
8,6,row14488,2,2
6,4,row05987,2,2
7,5,row21797,2,2
8,6,row07555,2,2
7,9,row06758,-2,2
9,11,row07881,-2,2
9,7,row18092,2,2
8,6,row16813,2,2
5,3,row04104,2,2
5,3,row13536,2,2
6,4,row15586,2,2
9,11,row07776,-2,2
6,4,row19488,2,2
6,4,row20202,2,2
7,5,row12467,2,2
9,11,row17917,-2,2
6,8,row15652,-2,2
6,4,row05423,2,2
6,4,row05527,2,2
6,8,row05775,-2,2
7,5,row12644,2,2
4,2,row02871,2,2
6,4,row05709,2,2
6,4,row05065,2,2
8,6,row14387,2,2
6,8,row04987,-2,2
6,4,row16355,2,2
6,8,row05856,-2,2
6,4,row04970,2,2
5,7,row03393,-2,2
2,4,row01529,-2,2
4,2,row03275,2,2
11,9,row10958,2,2
9,11,row17824,-2,2
9,7,row08453,2,2
6,8,row04716,-2,2
7,5,row06708,2,2
8,10,row13790,-2,2
4,2,row02682,2,2
5,3,row03940,2,2
5,3,row04086,2,2
4,2,row02684,2,2
8,10,row17175,-2,2
9,11,row18468,-2,2
8,10,row13837,-2,2
8,6,row07594,2,2
7,5,row12698,2,2
6,8,row16512,-2,2
5,7,row13181,-2,2
11,9,row10544,2,2
7,5,row06242,2,2
6,4,row15948,2,2
6,4,row20037,2,2
6,8,row18717,-2,2
7,5,row22999,2,2
8,6,row17536,2,2
6,4,row15484,2,2
9,11,row07847,-2,2
6,4,row18991,2,2
8,10,row14632,-2,2
6,8,row05850,-2,2
9,7,row08435,2,2
12,10,row11108,2,2
7,5,row12464,2,2
7,5,row22525,2,2
5,3,row04230,2,2
5,7,row13377,-2,2
8,10,row14192,-2,2
6,4,row15855,2,2
6,8,row16628,-2,2
5,3,row13504,2,2
5,3,row04235,2,2
7,5,row06730,2,2
7,5,row06381,2,2
11,9,row10517,2,2
6,8,row04833,-2,2
11,9,row10567,2,2
6,4,row18986,2,2
8,6,row17444,2,2
6,4,row20223,2,2
4,2,row02745,2,2
6,8,row05767,-2,2
6,4,row05956,2,2
6,4,row18946,2,2
9,11,row18407,-2,2
3,1,row02285,2,2
9,7,row08000,2,2
8,6,row14448,2,2
8,10,row14775,-2,2
8,6,row14388,2,2
8,6,row07188,2,2
6,4,row05990,2,2
7,9,row21526,-2,2
7,9,row21135,-2,2
6,4,row15612,2,2
8,6,row07688,2,2
6,4,row04936,2,2
9,11,row07766,-2,2
6,4,row18935,2,2
6,4,row05462,2,2
9,11,row07998,-2,2
8,6,row17007,2,2
8,10,row14807,-2,2
7,5,row12639,2,2
6,4,row19576,2,2
6,4,row19482,2,2
5,7,row13210,-2,2
9,7,row08496,2,2
7,5,row12839,2,2
11,9,row10111,2,2
7,5,row12706,2,2
6,4,row05740,2,2
6,4,row05046,2,2
6,4,row15941,2,2
7,5,row21698,2,2
4,6,row02555,-2,2
8,10,row06959,-2,2
8,6,row17597,2,2
7,9,row22487,-2,2
6,4,row05935,2,2
6,4,row05958,2,2
7,5,row06853,2,2
7,9,row22573,-2,2
9,7,row18097,2,2
6,8,row20017,-2,2
7,5,row06734,2,2
6,4,row15891,2,2
9,7,row08519,2,2
8,6,row16958,2,2
6,8,row19881,-2,2
8,6,row14336,2,2
6,8,row05779,-2,2
7,9,row21509,-2,2
11,9,row10593,2,2
5,7,row04041,-2,2
6,8,row04929,-2,2
5,3,row03674,2,2
4,2,row02773,2,2
4,2,row02664,2,2
6,8,row15993,-2,2
5,3,row04077,2,2
6,4,row15772,2,2
7,5,row23168,2,2
6,8,row15803,-2,2
5,3,row04074,2,2
8,10,row14867,-2,2
6,8,row05682,-2,2
6,4,row20124,2,2
8,10,row07432,-2,2
6,4,row05027,2,2
9,11,row18172,-2,2
7,5,row12701,2,2
6,8,row18944,-2,2
6,8,row15215,-2,2
9,11,row17867,-2,2
8,10,row07227,-2,2
7,5,row12630,2,2
10,8,row08911,2,2
10,8,row09114,2,2
8,6,row07423,2,2
3,1,row02222,2,2
6,8,row18853,-2,2
7,5,row12703,2,2
12,10,row11838,2,2
5,7,row03952,-2,2
9,11,row18236,-2,2
6,8,row19745,-2,2
2,4,row00929,-2,2
6,8,row20541,-2,2
6,4,row20180,2,2
7,5,row21678,2,2
6,8,row15202,-2,2
3,5,row01865,-2,2
10,8,row09191,2,2
6,4,row04851,2,2
12,10,row12321,2,2
8,10,row14154,-2,2
6,8,row05371,-2,2
6,4,row18951,2,2
8,6,row07437,2,2
9,11,row18189,-2,2
7,5,row12754,2,2
6,4,row19694,2,2
10,8,row09173,2,2
6,4,row19223,2,2
6,4,row16089,2,2
7,5,row22273,2,2
8,10,row13879,-2,2
8,6,row14418,2,2
6,8,row16528,-2,2
11,9,row09584,2,2
5,3,row03902,2,2
5,7,row03590,-2,2
11,9,row10767,2,2
4,2,row02794,2,2
9,11,row18029,-2,2
7,5,row06307,2,2
6,8,row18697,-2,2
6,4,row19278,2,2
9,11,row07842,-2,2
5,3,row04328,2,2
9,11,row18362,-2,2
6,4,row15773,2,2
6,8,row15312,-2,2
8,6,row14563,2,2
6,8,row15998,-2,2
5,3,row03906,2,2
9,11,row18193,-2,2
6,4,row05673,2,2
6,4,row05386,2,2
6,4,row16136,2,2
6,4,row19499,2,2
6,4,row18978,2,2
8,10,row14800,-2,2
4,2,row23343,2,2
7,5,row06763,2,2
6,4,row15724,2,2
3,1,row02200,2,2
6,4,row15601,2,2
9,11,row07771,-2,2
4,2,row02937,2,2
6,4,row19486,2,2
3,1,row02269,2,2
4,2,row03282,2,2
6,4,row16127,2,2
6,8,row15644,-2,2
9,11,row07782,-2,2
5,3,row04313,2,2
6,4,row16096,2,2
6,4,row19469,2,2
8,10,row14700,-2,2
8,6,row07102,2,2
5,3,row04034,2,2
10,8,row08905,2,2
6,4,row18957,2,2
9,11,row18430,-2,2
5,7,row13324,-2,2
6,8,row05147,-2,2
6,4,row18985,2,2
5,7,row13775,-2,2
8,6,row17233,2,2
6,4,row15592,2,2
6,8,row19771,-2,2
7,5,row20876,2,2
6,4,row18950,2,2
8,10,row16658,-2,2
6,4,row05914,2,2
8,10,row13925,-2,2
6,8,row19812,-2,2
6,4,row16134,2,2
6,4,row05134,2,2
5,3,row13364,2,2
4,2,row03329,2,2
6,4,row15804,2,2
6,4,row05946,2,2
9,11,row17822,-2,2
4,2,row02753,2,2
7,5,row12640,2,2
6,4,row20058,2,2
6,4,row15734,2,2
6,8,row19902,-2,2
7,5,row06840,2,2
6,4,row20292,2,2
6,8,row19806,-2,2
8,10,row14853,-2,2
7,5,row06554,2,2
6,4,row19282,2,2
11,9,row10331,2,2
6,4,row05989,2,2
4,2,row03032,2,2
9,11,row07895,-2,2
6,8,row15286,-2,2
7,9,row21428,-2,2
12,10,row11600,2,2
6,8,row19075,-2,2
10,8,row09364,2,2
6,4,row05978,2,2
7,9,row06429,-2,2
8,6,row17777,2,2
6,4,row15761,2,2
6,4,row05675,2,2
4,2,row03303,2,2
6,4,row15836,2,2
4,2,row03307,2,2
7,5,row21664,2,2
6,4,row19283,2,2
6,4,row15815,2,2
6,4,row04776,2,2
9,7,row08456,2,2
5,7,row13077,-2,2
4,2,row03364,2,2
2,4,row01720,-2,2
8,6,row17225,2,2
8,10,row13920,-2,2
6,4,row20227,2,2
6,4,row05011,2,2
10,12,row08695,-2,2
4,2,row03318,2,2
9,7,row18343,2,2
8,10,row14002,-2,2
10,8,row09347,2,2
8,6,row17153,2,2
6,4,row05175,2,2
6,8,row05410,-2,2
6,8,row04907,-2,2
6,4,row04957,2,2
6,4,row20257,2,2
9,11,row18063,-2,2
6,4,row18973,2,2
8,6,row17722,2,2
5,3,row04075,2,2
6,4,row15814,2,2
8,6,row07173,2,2
8,6,row14880,2,2
6,8,row15198,-2,2
7,5,row06263,2,2
7,5,row22276,2,2
7,5,row12700,2,2
9,7,row18386,2,2
11,9,row10705,2,2
6,4,row05510,2,2
2,4,row01748,-2,2
10,8,row09363,2,2
10,8,row09369,2,2
8,6,row14574,2,2
6,4,row05136,2,2
8,10,row14204,-2,2
9,11,row17832,-2,2
4,2,row03366,2,2
6,4,row05746,2,2
9,11,row18169,-2,2
8,6,row07598,2,2
8,6,row07691,2,2
8,10,row17072,-2,2
7,9,row06811,-2,2
5,7,row13160,-2,2
9,11,row17930,-2,2
8,6,row07632,2,2
8,6,row14419,2,2
6,4,row19270,2,2
6,4,row15776,2,2
6,4,row05988,2,2
9,7,row08407,2,2
8,10,row16702,-2,2
5,7,row03959,-2,2
5,3,row04298,2,2
8,6,row15090,2,2
6,4,row05508,2,2
2,4,row00957,-2,2
8,6,row14508,2,2
8,6,row07375,2,2
9,7,row08461,2,2
6,8,row05981,-2,2
4,2,row03301,2,2
4,2,row03345,2,2
11,9,row10434,2,2
7,5,row06273,2,2
8,6,row14487,2,2
6,4,row19221,2,2
9,11,row07712,-2,2
6,4,row16412,2,2
7,5,row12617,2,2
8,6,row17207,2,2
8,6,row17469,2,2
8,10,row14815,-2,2
7,5,row12480,2,2
6,4,row20034,2,2
8,6,row14545,2,2
7,5,row12877,2,2
9,7,row08396,2,2
6,4,row15729,2,2
9,7,row08377,2,2
8,10,row14386,-2,2
7,5,row21104,2,2
4,2,row02721,2,2
3,1,row02218,2,2
8,10,row14397,-2,2
7,5,row12925,2,2
8,10,row14788,-2,2
12,10,row12284,2,2
8,10,row13864,-2,2
7,5,row06836,2,2
4,2,row03295,2,2
6,4,row06032,2,2
11,9,row10281,2,2
8,6,row07614,2,2
7,5,row06875,2,2
6,8,row04968,-2,2
6,4,row04952,2,2
6,4,row05108,2,2
4,2,row02750,2,2
8,6,row14877,2,2
2,4,row01562,-2,2
4,2,row03382,2,2
6,4,row15589,2,2
7,5,row21060,2,2
6,8,row05854,-2,2
7,5,row13027,2,2
6,4,row19506,2,2
8,6,row14381,2,2
7,5,row06712,2,2
8,10,row13905,-2,2
7,9,row21307,-2,2
7,9,row21331,-2,2
4,2,row23636,2,2
6,4,row15749,2,2
8,10,row13865,-2,2
6,8,row04972,-2,2
7,5,row21603,2,2
6,4,row15522,2,2
8,10,row16685,-2,2
4,2,row02722,2,2
6,8,row16153,-2,2
4,2,row02656,2,2
7,5,row22434,2,2
9,11,row07876,-2,2
6,4,row15743,2,2
11,9,row10966,2,2
9,11,row18235,-2,2
3,1,row02259,2,2
8,6,row07589,2,2
8,10,row13930,-2,2
10,8,row09325,2,2
6,4,row16338,2,2
9,11,row07785,-2,2
7,5,row23096,2,2
6,4,row20181,2,2
11,9,row10438,2,2
8,6,row14607,2,2
7,5,row12693,2,2
6,8,row19504,-2,2
9,11,row17975,-2,2
8,10,row15128,-2,2
6,4,row16381,2,2
6,4,row16229,2,2
7,9,row22967,-2,2
4,2,row23705,2,2
7,5,row12610,2,2
6,4,row16380,2,2
6,4,row20032,2,2
11,9,row10190,2,2
6,4,row19585,2,2
7,5,row06528,2,2
6,4,row15805,2,2
6,4,row16260,2,2
6,4,row15830,2,2
8,6,row07707,2,2
6,4,row15608,2,2
8,10,row07387,-2,2
6,4,row15523,2,2
9,7,row18455,2,2
8,6,row17143,2,2
8,10,row16665,-2,2
5,3,row03617,2,2
6,4,row04485,2,2
6,4,row16135,2,2
8,6,row14522,2,2
6,4,row05162,2,2
6,8,row19459,-2,2
6,8,row19878,-2,2
6,4,row06023,2,2
6,4,row05999,2,2
7,9,row21124,-2,2
6,4,row19507,2,2
7,5,row06341,2,2
7,5,row21975,2,2
6,4,row16374,2,2
8,10,row07027,-2,2
6,8,row16475,-2,2
6,4,row18941,2,2
6,4,row15770,2,2
8,10,row06962,-2,2
11,9,row10047,2,2
9,7,row08210,2,2
7,5,row23011,2,2
5,7,row04469,-2,2
3,1,row02166,2,2
8,10,row15066,-2,2
4,2,row02658,2,2
5,3,row04402,2,2
8,10,row13866,-2,2
9,11,row08251,-2,2
11,9,row09805,2,2
8,10,row13924,-2,2
9,7,row08104,2,2
5,7,row13162,-2,2
8,6,row07529,2,2
7,9,row21441,-2,2
4,2,row02670,2,2
4,2,row23583,2,2
6,4,row16087,2,2
9,11,row08229,-2,2
6,4,row16335,2,2
8,6,row07547,2,2
8,6,row15010,2,2
6,4,row20326,2,2
6,4,row19494,2,2
11,9,row10983,2,2
2,4,row01556,-2,2
6,4,row15768,2,2
6,4,row04956,2,2
5,7,row04050,-2,2
6,4,row15712,2,2
7,5,row06331,2,2
6,4,row19559,2,2
8,6,row14512,2,2
6,4,row15759,2,2
8,6,row14431,2,2
8,6,row16823,2,2
7,9,row22778,-2,2
7,5,row22980,2,2
8,6,row16980,2,2
4,2,row23643,2,2
6,4,row15512,2,2
7,5,row12593,2,2
7,9,row21164,-2,2
6,8,row15550,-2,2
9,11,row18103,-2,2
8,10,row07225,-2,2
6,4,row20232,2,2
6,8,row16424,-2,2
8,6,row07527,2,2
4,2,row02870,2,2
6,8,row05833,-2,2
7,5,row21652,2,2
8,10,row15108,-2,2
8,6,row17374,2,2
8,6,row17230,2,2
7,5,row12790,2,2
1,3,row00841,-2,2
8,6,row17285,2,2
6,8,row16066,-2,2
10,12,row08913,-2,2
8,6,row14469,2,2
5,7,row03601,-2,2
8,6,row14521,2,2
10,8,row09352,2,2
5,3,row03713,2,2
11,9,row10939,2,2
6,4,row05972,2,2
7,5,row12681,2,2
8,6,row14602,2,2
6,4,row05959,2,2
5,3,row03498,2,2
9,11,row08410,-2,2
4,2,row02744,2,2
9,7,row08417,2,2
8,10,row17132,-2,2
6,8,row19853,-2,2
11,9,row09761,2,2
2,4,row01170,-2,2
6,4,row15621,2,2
4,2,row02793,2,2
10,12,row08780,-2,2
8,6,row07305,2,2
9,7,row08269,2,2
9,11,row07893,-2,2
9,7,row07835,2,2
4,2,row03343,2,2
3,1,row01923,2,2
8,6,row15024,2,2
6,4,row05453,2,2
6,4,row15916,2,2
8,6,row14389,2,2
9,11,row08123,-2,2
6,4,row16343,2,2
11,9,row10857,2,2
11,9,row10368,2,2
7,5,row12646,2,2
6,4,row05637,2,2
4,2,row02815,2,2
9,11,row18152,-2,2
9,7,row08266,2,2
11,9,row09664,2,2
9,11,row17920,-2,2
7,9,row21568,-2,2
4,6,row23407,-2,2
9,11,row17830,-2,2
4,2,row03274,2,2
5,3,row03773,2,2
6,4,row20271,2,2
6,4,row05430,2,2
3,1,row02309,2,2
8,10,row14223,-2,2
8,10,row16654,-2,2
7,5,row12643,2,2
8,10,row15106,-2,2
7,5,row12675,2,2
9,11,row08311,-2,2
12,10,row12331,2,2
8,10,row13886,-2,2
4,2,row23303,2,2
12,10,row12192,2,2
6,4,row15780,2,2
6,8,row19685,-2,2
4,2,row02802,2,2
6,8,row19890,-2,2
10,12,row08708,-2,2
6,4,row15626,2,2
6,4,row20276,2,2
6,4,row05482,2,2
3,1,row02181,2,2
7,5,row23162,2,2
4,2,row02829,2,2
6,8,row19763,-2,2
8,6,row16970,2,2
6,4,row04981,2,2
8,10,row13906,-2,2
6,8,row16461,-2,2
7,5,row21811,2,2
12,10,row12126,2,2
4,2,row23716,2,2
11,9,row10960,2,2
8,10,row14813,-2,2
4,6,row02601,-2,2
7,9,row21934,-2,2
6,4,row18981,2,2
6,4,row20555,2,2
8,10,row13976,-2,2
10,12,row08825,-2,2
6,4,row05114,2,2
7,5,row20996,2,2
6,8,row05075,-2,2
2,4,row01704,-2,2
7,5,row23127,2,2
6,4,row18989,2,2
3,1,row02208,2,2
8,10,row14771,-2,2
6,4,row15526,2,2
6,8,row19844,-2,2
8,10,row14764,-2,2
7,9,row21038,-2,2
6,4,row15818,2,2
6,4,row05424,2,2
6,4,row15733,2,2
6,4,row15954,2,2
4,2,row02688,2,2
8,6,row07442,2,2
7,5,row23050,2,2
6,4,row05014,2,2
9,7,row08497,2,2
7,9,row21437,-2,2
7,5,row13013,2,2
6,4,row05687,2,2
6,8,row15545,-2,2
3,1,row02213,2,2
7,9,row21513,-2,2
8,6,row14493,2,2
3,1,row02151,2,2
8,6,row07636,2,2
4,2,row23697,2,2
9,7,row08469,2,2
6,8,row05275,-2,2
7,5,row21692,2,2
8,6,row17191,2,2
6,4,row19030,2,2
4,6,row23206,-2,2
8,6,row17419,2,2
8,10,row14929,-2,2
9,7,row18090,2,2
9,7,row18089,2,2
6,4,row20522,2,2
7,5,row22147,2,2
6,4,row20238,2,2
6,4,row15722,2,2
9,11,row18424,-2,2
8,6,row17380,2,2
6,4,row15894,2,2
6,4,row05436,2,2
10,8,row09068,2,2
6,8,row20145,-2,2
6,8,row15296,-2,2
12,10,row11618,2,2
8,10,row14058,-2,2
6,8,row04958,-2,2
8,10,row14837,-2,2
5,7,row13743,-2,2
6,4,row04774,2,2
6,8,row19099,-2,2
5,3,row04255,2,2
7,5,row23112,2,2
7,9,row21596,-2,2
7,9,row22948,-2,2
8,10,row13902,-2,2
6,4,row15708,2,2
8,6,row17512,2,2
7,9,row21457,-2,2
6,8,row05397,-2,2
8,10,row17075,-2,2
4,2,row03208,2,2
6,4,row06067,2,2
5,3,row04091,2,2
10,12,row08670,-2,2
4,2,row02671,2,2
9,11,row08132,-2,2
7,5,row06207,2,2
6,4,row18905,2,2
8,6,row14452,2,2
6,4,row18976,2,2
2,4,row00940,-2,2
8,6,row16950,2,2
6,4,row15893,2,2
5,3,row04127,2,2
6,4,row15798,2,2
8,10,row14643,-2,2
9,7,row18101,2,2
6,4,row05512,2,2
8,10,row16996,-2,2
3,1,row02155,2,2
10,8,row08901,2,2
7,9,row21224,-2,2
7,5,row20897,2,2
11,9,row10967,2,2
6,4,row05028,2,2
8,10,row06986,-2,2
8,6,row07119,2,2
8,6,row17451,2,2
7,5,row21115,2,2
10,8,row09345,2,2
5,7,row03513,-2,2
10,8,row08933,2,2
7,5,row06850,2,2
7,9,row21070,-2,2
7,5,row06479,2,2
7,5,row06461,2,2
6,8,row15457,-2,2
4,2,row03288,2,2
4,2,row23693,2,2
9,11,row08512,-2,2
9,11,row07746,-2,2
6,4,row18960,2,2
9,11,row08527,-2,2
2,4,row00944,-2,2
7,9,row22314,-2,2
4,2,row03385,2,2
5,3,row04110,2,2
5,3,row04256,2,2
9,11,row08280,-2,2
6,8,row05522,-2,2
6,4,row15765,2,2
5,7,row13305,-2,2
11,9,row09973,2,2
6,4,row15840,2,2
6,4,row06008,2,2
6,4,row05520,2,2
6,8,row19417,-2,2
7,9,row21193,-2,2
5,3,row04078,2,2
6,8,row05800,-2,2
11,9,row10504,2,2
10,8,row09537,2,2
6,4,row05517,2,2
9,11,row18306,-2,2
4,2,row23696,2,2
6,8,row05796,-2,2
7,5,row06136,2,2
6,4,row19227,2,2
4,2,row03300,2,2
5,3,row13542,2,2
7,5,row06219,2,2
6,4,row20263,2,2
6,8,row15925,-2,2
6,8,row05433,-2,2
7,5,row23156,2,2
8,6,row17494,2,2
5,7,row03500,-2,2
9,11,row18238,-2,2
7,9,row21249,-2,2
9,7,row18460,2,2
7,5,row23015,2,2
7,5,row21036,2,2
8,10,row07268,-2,2
4,2,row02877,2,2
8,10,row07006,-2,2
4,2,row03025,2,2
5,3,row13501,2,2
6,4,row16238,2,2
6,8,row05776,-2,2
8,6,row14525,2,2
6,8,row18712,-2,2
9,11,row07972,-2,2
8,10,row16657,-2,2
9,7,row08523,2,2
7,5,row12547,2,2
7,5,row06834,2,2
8,10,row13912,-2,2
7,9,row06648,-2,2
7,5,row06152,2,2
5,7,row04147,-2,2
7,5,row12931,2,2
5,3,row04303,2,2
8,6,row17466,2,2
8,6,row07645,2,2
4,6,row23541,-2,2
4,2,row02646,2,2
6,4,row06045,2,2
4,2,row03277,2,2
5,3,row04248,2,2
7,5,row06114,2,2
7,5,row22425,2,2
8,10,row14592,-2,2
6,4,row15788,2,2
6,4,row20279,2,2
8,10,row07334,-2,2
3,5,row02336,-2,2
7,5,row06270,2,2
9,7,row18398,2,2
11,9,row09722,2,2
6,4,row18987,2,2
8,10,row14761,-2,2
1,3,row00666,-2,2
6,4,row04841,2,2
7,5,row12704,2,2
6,8,row15507,-2,2
9,7,row08483,2,2
6,4,row15732,2,2
6,8,row05204,-2,2
8,6,row14364,2,2
6,4,row05261,2,2
9,7,row08451,2,2
6,8,row05763,-2,2
6,8,row04933,-2,2
5,3,row04321,2,2
6,4,row05010,2,2
5,7,row13450,-2,2
11,9,row09723,2,2
8,6,row07682,2,2
4,2,row02673,2,2
7,9,row21937,-2,2
6,4,row15811,2,2
9,7,row08525,2,2
6,8,row15693,-2,2
6,4,row05101,2,2
9,11,row18350,-2,2
6,4,row16103,2,2
8,10,row16660,-2,2
7,9,row21567,-2,2
4,2,row03338,2,2
8,10,row17162,-2,2
6,8,row15576,-2,2
7,5,row12908,2,2
6,4,row05518,2,2
9,11,row18377,-2,2
6,4,row15790,2,2
7,5,row06345,2,2
4,2,row02690,2,2
6,8,row18780,-2,2
7,5,row06715,2,2
8,10,row14104,-2,2
9,7,row18473,2,2
6,4,row20123,2,2
9,11,row18622,-2,2
6,4,row06034,2,2
7,5,row23094,2,2
6,4,row05416,2,2
3,1,row02199,2,2
4,2,row02775,2,2
6,4,row05985,2,2
9,11,row18191,-2,2
12,10,row12002,2,2
8,6,row17680,2,2
9,7,row08449,2,2
8,10,row17120,-2,2
7,5,row06465,2,2
6,8,row04969,-2,2
7,5,row06752,2,2
6,4,row20216,2,2
4,2,row02730,2,2
7,5,row23114,2,2
4,2,row03381,2,2
6,4,row18961,2,2
7,9,row21328,-2,2
9,11,row18142,-2,2
8,6,row17579,2,2
5,3,row03894,2,2
6,4,row19509,2,2
8,6,row16917,2,2
6,4,row05444,2,2
6,8,row05784,-2,2
4,2,row02666,2,2
7,5,row06450,2,2
9,11,row17911,-2,2
9,11,row17818,-2,2
7,9,row22833,-2,2
9,7,row08450,2,2
3,1,row02165,2,2
6,4,row19986,2,2
9,7,row08466,2,2
4,2,row03348,2,2
6,4,row05492,2,2
12,10,row11669,2,2
6,4,row19053,2,2
4,6,row23192,-2,2
11,9,row10768,2,2
2,4,row01785,-2,2
8,10,row14120,-2,2
6,4,row20060,2,2
6,8,row19712,-2,2
9,11,row08176,-2,2
4,2,row03359,2,2
9,7,row08330,2,2
8,10,row15185,-2,2
6,8,row05068,-2,2
6,4,row16035,2,2
4,2,row03276,2,2
8,6,row16811,2,2
6,4,row19546,2,2
8,6,row17754,2,2
8,10,row17030,-2,2
8,6,row14473,2,2
9,11,row18347,-2,2
9,11,row07762,-2,2
9,7,row08127,2,2
9,7,row07737,2,2
11,9,row10610,2,2
8,6,row17550,2,2
6,8,row15482,-2,2
10,12,row08814,-2,2
8,6,row17517,2,2
11,9,row09894,2,2
7,5,row23139,2,2
6,4,row15520,2,2
9,11,row18422,-2,2
8,6,row17038,2,2
4,6,row23539,-2,2
7,5,row23070,2,2
6,8,row19850,-2,2
6,4,row15513,2,2
6,8,row05783,-2,2
6,4,row16410,2,2
9,11,row18275,-2,2
6,8,row19662,-2,2
11,9,row09863,2,2
8,6,row14390,2,2
6,8,row05170,-2,2
6,8,row18654,-2,2
9,11,row07839,-2,2
6,4,row15832,2,2
6,8,row04566,-2,2
8,10,row17661,-2,2
8,10,row16769,-2,2
3,1,row02253,2,2
6,4,row05754,2,2
6,4,row05963,2,2
7,5,row23073,2,2
1,3,row00517,-2,2
4,2,row02751,2,2
8,6,row14972,2,2
5,3,row04279,2,2
9,7,row18409,2,2
8,10,row16960,-2,2
9,11,row08118,-2,2
9,7,row08460,2,2
10,8,row09355,2,2
9,11,row07813,-2,2
6,4,row20008,2,2
6,4,row16345,2,2
8,6,row17489,2,2
9,11,row07781,-2,2
5,7,row04391,-2,2
7,5,row06741,2,2
8,10,row16677,-2,2
11,9,row10076,2,2
6,4,row19483,2,2
6,4,row15918,2,2
8,10,row14651,-2,2
12,10,row11901,2,2
4,2,row03378,2,2
9,11,row07863,-2,2
6,4,row19964,2,2
6,8,row19322,-2,2
6,4,row16115,2,2
6,4,row20182,2,2
4,2,row02787,2,2
5,3,row03703,2,2
9,11,row08160,-2,2
6,8,row19702,-2,2
8,6,row14190,2,2
6,4,row05665,2,2
6,8,row18744,-2,2
8,6,row14901,2,2
6,4,row15593,2,2
4,6,row23579,-2,2
7,5,row12720,2,2
6,4,row15597,2,2
11,9,row10397,2,2
7,5,row12697,2,2
10,12,row09457,-2,2
2,4,row01682,-2,2
6,4,row15726,2,2
6,4,row06014,2,2
8,10,row13802,-2,2
8,10,row14126,-2,2
7,5,row06278,2,2
7,9,row21616,-2,2
6,4,row15594,2,2
5,7,row13220,-2,2
6,8,row04905,-2,2
6,4,row05098,2,2
7,5,row21034,2,2
3,1,row02219,2,2
8,6,row14944,2,2
9,11,row18219,-2,2
6,4,row05109,2,2
6,8,row20567,-2,2
6,4,row19594,2,2
6,4,row16360,2,2
6,4,row20203,2,2
7,9,row21565,-2,2
8,6,row17312,2,2
6,8,row16285,-2,2
8,6,row07129,2,2
6,8,row15272,-2,2
4,2,row03291,2,2
2,0,row01133,2,2
6,8,row15654,-2,2
8,10,row17023,-2,2
10,12,row08759,-2,2
9,11,row07873,-2,2
7,5,row06311,2,2
6,8,row19845,-2,2
7,5,row06455,2,2
9,11,row08383,-2,2
7,5,row21837,2,2
6,4,row18977,2,2
8,6,row14969,2,2
5,3,row13514,2,2
6,4,row05712,2,2
11,9,row10977,2,2
6,8,row19339,-2,2
7,5,row06246,2,2
3,1,row02153,2,2
9,7,row08457,2,2
3,1,row02196,2,2
9,11,row18221,-2,2
6,4,row15822,2,2
6,4,row18942,2,2
6,4,row16340,2,2
7,5,row12654,2,2
4,2,row02727,2,2
9,11,row18075,-2,2
6,8,row15563,-2,2
8,10,row07317,-2,2
6,4,row15778,2,2
8,6,row07450,2,2
6,4,row16366,2,2
7,5,row12577,2,2
6,8,row15638,-2,2
6,4,row15611,2,2
7,5,row06754,2,2
6,4,row20274,2,2
12,10,row11627,2,2
4,6,row02496,-2,2
6,4,row05480,2,2
7,9,row21382,-2,2
6,4,row05514,2,2
8,6,row17298,2,2
9,11,row18093,-2,2
7,5,row13005,2,2
8,6,row14708,2,2
7,9,row21356,-2,2
5,3,row03738,2,2
5,7,row13175,-2,2
8,6,row14743,2,2
6,8,row19714,-2,2
6,4,row05545,2,2
4,6,row02503,-2,2
9,11,row18607,-2,2
6,4,row16334,2,2
8,6,row07675,2,2
10,8,row09091,2,2
8,6,row07451,2,2
8,6,row14968,2,2
9,7,row08498,2,2
4,2,row02776,2,2
6,8,row16144,-2,2
4,2,row03372,2,2
7,9,row21386,-2,2
9,11,row18098,-2,2
9,11,row18056,-2,2
6,4,row05067,2,2
7,5,row12647,2,2
4,6,row02632,-2,2
7,5,row06837,2,2
9,7,row17971,2,2
8,6,row17457,2,2
4,2,row23638,2,2
11,9,row10095,2,2
7,5,row12456,2,2
7,5,row12723,2,2
4,2,row02798,2,2
6,8,row05619,-2,2
7,5,row12638,2,2
4,6,row23184,-2,2
3,1,row02409,2,2
6,8,row05029,-2,2
11,9,row10779,2,2
3,1,row02169,2,2
10,12,row08802,-2,2
6,8,row05567,-2,2
9,7,row08452,2,2
4,2,row02662,2,2
7,9,row22595,-2,2
6,4,row15785,2,2
7,9,row06520,-2,2
7,5,row21091,2,2
8,10,row17441,-2,2
7,5,row06405,2,2
4,2,row02825,2,2
6,4,row20190,2,2
7,5,row06382,2,2
8,6,row07136,2,2
4,2,row02904,2,2
6,8,row16132,-2,2
9,11,row18272,-2,2
6,8,row20436,-2,2
5,3,row13503,2,2
12,10,row11916,2,2
5,7,row13389,-2,2
6,4,row15842,2,2
8,10,row13958,-2,2
6,4,row05112,2,2
11,9,row10928,2,2
5,3,row03753,2,2
4,2,row02841,2,2
7,9,row06745,-2,2
6,8,row20056,-2,2
6,4,row05848,2,2
9,11,row18246,-2,2
8,6,row07656,2,2
4,2,row23384,2,2
7,9,row20792,-2,2
6,4,row05721,2,2
10,12,row09009,-2,2
8,6,row07608,2,2
9,11,row18310,-2,2
9,11,row08385,-2,2
4,2,row03332,2,2
4,2,row02796,2,2
12,10,row11961,2,2
7,9,row22486,-2,2
4,2,row23664,2,2
7,5,row06726,2,2
8,6,row07118,2,2
6,4,row05164,2,2
7,5,row23068,2,2
4,2,row02784,2,2
6,4,row05994,2,2
9,7,row08434,2,2
4,2,row03273,2,2
6,4,row15874,2,2
11,9,row09903,2,2
6,4,row06046,2,2
4,2,row03341,2,2
5,7,row03509,-2,2
6,4,row19578,2,2
6,8,row05871,-2,2
9,11,row08041,-2,2
7,5,row06449,2,2
6,4,row19570,2,2
7,9,row21335,-2,2
9,11,row08386,-2,2
8,10,row14139,-2,2
6,4,row20199,2,2
8,6,row16814,2,2
11,9,row10709,2,2
6,4,row15801,2,2
9,7,row18461,2,2
7,5,row23117,2,2
8,10,row13876,-2,2
9,11,row07735,-2,2
4,2,row23661,2,2
9,7,row08524,2,2
6,4,row19901,2,2
10,12,row09016,-2,2
8,6,row07695,2,2
6,8,row04633,-2,2
6,4,row18943,2,2
4,2,row02739,2,2
7,5,row06533,2,2
4,2,row02689,2,2
8,6,row17269,2,2
6,4,row05128,2,2
4,2,row02691,2,2
6,4,row19358,2,2
6,4,row04700,2,2
7,5,row12590,2,2
6,4,row18990,2,2
4,6,row03270,-2,2
8,6,row14299,2,2
10,12,row09493,-2,2
6,4,row04893,2,2
6,4,row18966,2,2
6,4,row20272,2,2
7,5,row21653,2,2
5,7,row13189,-2,2
11,9,row09581,2,2
6,4,row06057,2,2
12,10,row12085,2,2
9,11,row07733,-2,2
8,6,row07606,2,2
5,3,row03734,2,2
8,10,row07120,-2,2
6,4,row19280,2,2
4,2,row02700,2,2
6,4,row05708,2,2
6,4,row19497,2,2
8,6,row17305,2,2
10,8,row09300,2,2
11,9,row10725,2,2
6,8,row19732,-2,2
6,4,row16341,2,2
8,10,row07024,-2,2
8,6,row14436,2,2
5,3,row04103,2,2
8,6,row07389,2,2
6,4,row05040,2,2
8,10,row14590,-2,2
8,6,row16921,2,2
8,6,row07528,2,2
9,11,row18340,-2,2
6,4,row05940,2,2
8,10,row14326,-2,2
9,7,row07821,2,2
7,5,row12656,2,2
6,8,row05280,-2,2
9,11,row18450,-2,2
7,5,row06714,2,2
8,10,row17378,-2,2
7,5,row23111,2,2
6,4,row05012,2,2
8,10,row17125,-2,2
6,8,row15265,-2,2
9,11,row18109,-2,2
5,7,row13156,-2,2
8,10,row07639,-2,2
5,7,row13209,-2,2
8,6,row17787,2,2
9,11,row08506,-2,2
8,6,row14997,2,2
7,5,row06504,2,2
7,5,row06706,2,2
4,2,row03286,2,2
8,6,row07457,2,2
6,8,row05064,-2,2
5,7,row03557,-2,2
4,6,row02540,-2,2
8,10,row14772,-2,2
7,5,row22283,2,2
6,8,row18821,-2,2
6,4,row05443,2,2
9,7,row08526,2,2
6,4,row16603,2,2
4,2,row02765,2,2
7,5,row22302,2,2
4,2,row03331,2,2
6,8,row05024,-2,2
6,4,row15752,2,2
7,5,row21052,2,2
5,3,row04252,2,2
5,3,row13191,2,2
8,6,row14310,2,2
4,2,row02864,2,2
5,3,row04085,2,2
9,7,row07980,2,2
4,2,row03278,2,2
3,1,row02251,2,2
6,8,row05877,-2,2
5,3,row13529,2,2
10,8,row09512,2,2
7,9,row21500,-2,2
6,8,row15650,-2,2
11,9,row09603,2,2
6,4,row15816,2,2
6,4,row19264,2,2
6,4,row16116,2,2
6,8,row19875,-2,2
6,4,row05938,2,2
6,4,row05488,2,2
7,9,row20685,-2,2
4,2,row02933,2,2
6,4,row19272,2,2
9,11,row17878,-2,2
9,7,row18096,2,2
5,3,row13511,2,2
8,6,row16982,2,2
6,4,row15625,2,2
6,4,row06064,2,2
6,4,row19581,2,2
6,4,row05741,2,2
8,6,row07100,2,2
9,11,row17896,-2,2
6,8,row05224,-2,2
11,9,row10608,2,2
6,4,row05861,2,2
5,3,row04043,2,2
7,5,row22269,2,2
7,5,row06560,2,2
9,11,row08491,-2,2
6,4,row18896,2,2
7,5,row06781,2,2
6,8,row15252,-2,2
7,5,row21964,2,2
5,3,row03726,2,2
9,11,row18282,-2,2
6,4,row15782,2,2
8,6,row17171,2,2
6,8,row05181,-2,2
8,6,row16903,2,2
6,8,row18841,-2,2
6,4,row15872,2,2
4,2,row03375,2,2
5,7,row13474,-2,2
9,7,row08477,2,2
4,2,row02805,2,2
7,5,row21609,2,2
4,2,row03026,2,2
6,4,row05543,2,2
4,2,row02698,2,2
6,4,row16367,2,2
6,8,row15210,-2,2
6,8,row19618,-2,2
6,8,row19646,-2,2
6,8,row05569,-2,2
8,6,row17459,2,2
4,2,row02742,2,2
8,6,row07298,2,2
9,11,row18222,-2,2
6,8,row16519,-2,2
6,4,row19567,2,2
6,8,row05930,-2,2
6,4,row18980,2,2
6,4,row15807,2,2
7,5,row12676,2,2
8,6,row14925,2,2
6,4,row05469,2,2
7,5,row06189,2,2
11,9,row09824,2,2
6,4,row05931,2,2
7,9,row22801,-2,2
5,3,row13524,2,2
6,8,row05500,-2,2
7,5,row21795,2,2
6,4,row15763,2,2
7,5,row22957,2,2
3,1,row02236,2,2
1,3,row00806,-2,2
7,9,row22537,-2,2
8,6,row14711,2,2
8,10,row13929,-2,2
8,6,row07358,2,2
9,11,row08612,-2,2
9,7,row08179,2,2
7,5,row22005,2,2
6,4,row15629,2,2
8,6,row14701,2,2
9,11,row08264,-2,2
9,11,row07947,-2,2
8,6,row07647,2,2
8,10,row17586,-2,2
5,7,row04465,-2,2
7,9,row21505,-2,2
9,11,row18003,-2,2
11,9,row10020,2,2
3,1,row02291,2,2
11,9,row10042,2,2
7,5,row23003,2,2
9,11,row18071,-2,2
9,7,row08427,2,2
4,6,row02881,-2,2
5,3,row03914,2,2
2,4,row00955,-2,2
7,5,row06446,2,2
7,5,row06864,2,2
8,6,row17070,2,2
6,4,row16353,2,2
8,6,row17067,2,2
6,4,row06063,2,2
6,4,row05656,2,2
8,10,row16883,-2,2
6,4,row06047,2,2
6,4,row20262,2,2
11,9,row09960,2,2
8,10,row14648,-2,2
5,7,row03998,-2,2
8,10,row16690,-2,2
6,4,row06069,2,2
6,4,row15882,2,2
6,4,row05810,2,2
6,4,row15852,2,2
6,4,row05154,2,2
3,1,row02174,2,2
6,4,row04889,2,2
4,2,row02611,2,2
7,5,row06328,2,2
6,8,row20546,-2,2
6,8,row15642,-2,2
6,8,row19658,-2,2
11,9,row10131,2,2
1,3,row00850,-2,2
8,6,row17721,2,2
8,6,row14486,2,2
4,2,row03302,2,2
7,9,row21542,-2,2
10,12,row09141,-2,2
6,8,row19600,-2,2
6,4,row05335,2,2
11,9,row10735,2,2
8,6,row14439,2,2
7,5,row06292,2,2
10,8,row08909,2,2
8,6,row17455,2,2
11,9,row09858,2,2
11,9,row10407,2,2
8,6,row07646,2,2
8,10,row13926,-2,2
8,10,row15025,-2,2
5,3,row03916,2,2
7,5,row12423,2,2
7,5,row06210,2,2
8,6,row07535,2,2
6,4,row16377,2,2
6,4,row18696,2,2
6,4,row15837,2,2
6,8,row15206,-2,2
8,6,row14324,2,2
4,2,row02654,2,2
7,5,row06833,2,2
10,8,row09050,2,2
8,6,row17061,2,2
4,6,row02519,-2,2
6,4,row18897,2,2
8,10,row07496,-2,2
8,10,row17093,-2,2
4,2,row02812,2,2
5,7,row13129,-2,2
6,8,row05384,-2,2
8,6,row16827,2,2
8,6,row17258,2,2
3,1,row02244,2,2
9,7,row08470,2,2
7,5,row22923,2,2
6,4,row15881,2,2
6,4,row06038,2,2
8,6,row14532,2,2
7,9,row21584,-2,2
6,8,row04895,-2,2
8,10,row17077,-2,2
8,6,row17377,2,2
6,8,row04759,-2,2
8,10,row13856,-2,2
6,4,row19563,2,2
6,4,row15903,2,2
3,1,row02214,2,2
8,6,row07640,2,2
2,4,row00941,-2,2
12,10,row11892,2,2
6,4,row19548,2,2
9,11,row18280,-2,2
5,7,row03965,-2,2
7,5,row22318,2,2
7,5,row06733,2,2
6,4,row05025,2,2
6,8,row19656,-2,2
2,4,row01773,-2,2
9,11,row18204,-2,2
11,9,row10739,2,2
6,8,row15859,-2,2
2,0,row01516,2,2
8,10,row06955,-2,2
4,2,row03322,2,2
6,8,row18751,-2,2
9,7,row18087,2,2
6,4,row15489,2,2
2,0,row01016,2,2
7,5,row06873,2,2
7,5,row23085,2,2
7,5,row06463,2,2
8,10,row13835,-2,2
8,6,row16810,2,2
6,4,row19261,2,2
11,9,row09643,2,2
6,4,row05723,2,2
6,4,row05491,2,2
8,6,row07464,2,2
7,9,row21907,-2,2
4,2,row02506,2,2
6,8,row04533,-2,2
9,11,row08273,-2,2
6,4,row05150,2,2
4,2,row02659,2,2
7,5,row06721,2,2
6,8,row19086,-2,2
6,4,row15887,2,2
6,4,row20524,2,2
6,8,row05764,-2,2
6,8,row05688,-2,2
7,5,row21606,2,2
5,3,row04287,2,2
8,6,row17276,2,2
6,4,row05711,2,2
9,11,row07736,-2,2
10,8,row09388,2,2
7,5,row06134,2,2
7,5,row06316,2,2
6,8,row04918,-2,2
6,8,row15385,-2,2
8,6,row07147,2,2
6,8,row18886,-2,2
9,7,row08067,2,2
8,6,row17762,2,2
9,11,row07748,-2,2
7,5,row21127,2,2
6,4,row15890,2,2
6,4,row15760,2,2
11,9,row09893,2,2
8,6,row17051,2,2
6,4,row19487,2,2
7,5,row06351,2,2
6,8,row05815,-2,2
8,10,row14838,-2,2
4,2,row02657,2,2
8,6,row07128,2,2
7,5,row06561,2,2
6,4,row05477,2,2
4,2,row02789,2,2
8,10,row14472,-2,2
5,7,row03991,-2,2
6,8,row19760,-2,2
7,5,row06856,2,2
8,6,row17659,2,2
10,8,row09449,2,2
6,4,row15774,2,2
6,4,row16371,2,2
6,4,row15841,2,2
7,9,row20660,-2,2
8,6,row17486,2,2
8,6,row17473,2,2
10,8,row09464,2,2
6,4,row19495,2,2
6,4,row15551,2,2
5,3,row04094,2,2
8,10,row15104,-2,2
8,10,row15099,-2,2
8,6,row14339,2,2
4,2,row02719,2,2
8,10,row13915,-2,2
6,4,row06001,2,2
6,4,row15487,2,2
6,8,row18887,-2,2
6,4,row16332,2,2
6,4,row15630,2,2
11,9,row09923,2,2
8,10,row15065,-2,2
3,1,row02243,2,2
6,8,row19719,-2,2
6,4,row05049,2,2
6,8,row18767,-2,2
7,9,row22520,-2,2
8,6,row07168,2,2
7,5,row06884,2,2
8,6,row17445,2,2
6,4,row04789,2,2
12,10,row11771,2,2
9,11,row08351,-2,2
10,12,row09532,-2,2
5,3,row03937,2,2
6,8,row15964,-2,2
9,11,row08566,-2,2
6,4,row15796,2,2
6,4,row15900,2,2
6,4,row05713,2,2
8,6,row14585,2,2
7,5,row06205,2,2
7,5,row23012,2,2
9,7,row18327,2,2
7,5,row06870,2,2
6,4,row15613,2,2
5,3,row04087,2,2
8,10,row07241,-2,2
8,6,row17467,2,2
7,5,row12594,2,2
3,1,row02183,2,2
9,7,row07778,2,2
6,4,row05171,2,2
6,8,row18797,-2,2
8,6,row15029,2,2
8,10,row07330,-2,2
4,2,row23639,2,2
6,4,row19597,2,2
7,5,row06267,2,2
6,8,row19485,-2,2
7,5,row20604,2,2
6,8,row15241,-2,2
9,11,row08120,-2,2
8,6,row16872,2,2
6,4,row06007,2,2
7,9,row22760,-2,2
6,8,row16021,-2,2
8,6,row14524,2,2
7,5,row12652,2,2
6,8,row05020,-2,2
8,6,row14458,2,2
8,6,row14549,2,2
7,5,row06746,2,2
6,8,row19266,-2,2
7,9,row22720,-2,2
8,6,row17156,2,2
6,8,row19628,-2,2
9,11,row18216,-2,2
3,5,row01854,-2,2
6,8,row19338,-2,2
6,4,row18970,2,2
5,3,row03614,2,2
7,5,row06728,2,2
6,4,row05086,2,2
6,8,row05771,-2,2
6,8,row15213,-2,2
4,2,row03327,2,2
9,7,row18464,2,2
8,10,row14806,-2,2
8,10,row13947,-2,2
6,4,row15595,2,2
7,9,row21569,-2,2
6,4,row18974,2,2
7,5,row21077,2,2
6,4,row06020,2,2
11,9,row09624,2,2
5,3,row13517,2,2
8,6,row17443,2,2
6,4,row05727,2,2
7,9,row22835,-2,2
11,9,row10844,2,2
6,4,row05908,2,2
6,8,row05404,-2,2
8,10,row16688,-2,2
6,8,row06049,-2,2
7,5,row23062,2,2
6,4,row15929,2,2
8,6,row16800,2,2
9,7,row08465,2,2
7,5,row23115,2,2
5,7,row13133,-2,2
3,5,row01817,-2,2
6,4,row16337,2,2
9,7,row18084,2,2
5,7,row13400,-2,2
4,2,row02803,2,2
9,7,row07909,2,2
3,1,row02171,2,2
4,2,row03271,2,2
6,8,row19860,-2,2
9,7,row08490,2,2
3,5,row01889,-2,2
8,6,row15007,2,2
6,8,row19390,-2,2
9,11,row07786,-2,2
3,1,row02304,2,2
6,4,row05055,2,2
6,8,row04943,-2,2
8,6,row14417,2,2
9,7,row18091,2,2
5,3,row13245,2,2
9,7,row08428,2,2
9,7,row08482,2,2
8,6,row17189,2,2
1,3,row00660,-2,2
4,2,row23629,2,2
9,7,row18458,2,2
6,4,row19568,2,2
5,3,row03737,2,2
6,8,row05249,-2,2
5,7,row03975,-2,2
6,4,row18988,2,2
5,3,row03678,2,2
5,3,row03919,2,2
6,8,row20045,-2,2
4,2,row23301,2,2
6,4,row15946,2,2
8,6,row07565,2,2
7,5,row12649,2,2
6,8,row05395,-2,2
7,5,row20671,2,2
8,6,row16850,2,2
8,6,row17759,2,2
6,8,row18882,-2,2
6,8,row16435,-2,2
8,6,row07561,2,2
6,4,row19484,2,2
7,5,row06654,2,2
5,3,row03750,2,2
6,8,row04945,-2,2
6,4,row20275,2,2
6,8,row19007,-2,2
6,4,row15952,2,2
11,9,row10586,2,2
9,7,row08391,2,2
6,8,row04843,-2,2
6,4,row15723,2,2
6,4,row05686,2,2
11,9,row09939,2,2
8,10,row16910,-2,2
7,5,row06355,2,2
6,4,row15766,2,2
6,4,row19503,2,2
4,2,row03326,2,2
9,11,row18366,-2,2
5,3,row04278,2,2
8,10,row17375,-2,2
6,4,row15524,2,2
8,6,row17657,2,2
6,8,row19073,-2,2
9,7,row07756,2,2
6,8,row04978,-2,2
7,5,row06356,2,2
11,9,row10674,2,2
6,8,row15212,-2,2
8,6,row07690,2,2
6,4,row18971,2,2
6,4,row15754,2,2
7,9,row20750,-2,2
8,6,row17505,2,2
6,8,row19835,-2,2
7,5,row12441,2,2
12,10,row11447,2,2
9,11,row18053,-2,2
6,8,row15209,-2,2
6,4,row15826,2,2
7,5,row06406,2,2
8,6,row16864,2,2
9,7,row08366,2,2
6,8,row05301,-2,2
6,4,row05421,2,2
8,6,row07186,2,2
7,9,row06792,-2,2
8,6,row17796,2,2
7,5,row06727,2,2
6,8,row04901,-2,2
6,4,row18939,2,2
6,8,row05091,-2,2
6,8,row05211,-2,2
9,11,row07743,-2,2
6,4,row05110,2,2
7,5,row06835,2,2
6,4,row19561,2,2
6,4,row06025,2,2
6,4,row05429,2,2
9,11,row07777,-2,2
4,2,row23433,2,2
6,8,row05795,-2,2
7,5,row21068,2,2
9,11,row17984,-2,2
3,1,row02209,2,2
6,4,row19693,2,2
8,10,row17154,-2,2
9,11,row18074,-2,2
8,10,row15048,-2,2
6,8,row16526,-2,2
8,6,row17726,2,2
8,6,row16955,2,2
8,6,row17461,2,2
6,8,row19347,-2,2
8,6,row07573,2,2
8,6,row14740,2,2
6,4,row05248,2,2
5,7,row13079,-2,2
6,4,row16351,2,2
8,6,row14729,2,2
6,4,row20183,2,2
6,8,row18659,-2,2
7,9,row21330,-2,2
6,8,row15303,-2,2
9,7,row08444,2,2
8,10,row13843,-2,2
5,7,row03847,-2,2
2,0,row01521,2,2
6,4,row15956,2,2
9,11,row18187,-2,2
6,4,row16347,2,2
6,8,row04891,-2,2
6,4,row16602,2,2
6,4,row19232,2,2
6,4,row16618,2,2
8,6,row17492,2,2
6,8,row18792,-2,2
3,1,row02173,2,2
4,2,row03289,2,2
12,10,row11679,2,2
8,10,row14787,-2,2
9,7,row08471,2,2
4,2,row03371,2,2
7,5,row23122,2,2
8,6,row07558,2,2
9,11,row08563,-2,2
9,11,row18307,-2,2
7,5,row22191,2,2
7,5,row06720,2,2
12,10,row11575,2,2
6,4,row18984,2,2
4,6,row23510,-2,2
6,4,row06050,2,2
6,4,row05722,2,2
8,10,row15054,-2,2
6,4,row15914,2,2
6,4,row15764,2,2
8,6,row17654,2,2
6,8,row15658,-2,2
6,4,row19051,2,2
7,9,row06508,-2,2
4,2,row03354,2,2
5,7,row04472,-2,2
8,10,row17115,-2,2
7,5,row12461,2,2
9,11,row08663,-2,2
8,10,row15058,-2,2
6,4,row15719,2,2
7,5,row06297,2,2
6,4,row05457,2,2
10,8,row09362,2,2
6,8,row04551,-2,2
6,4,row05460,2,2
7,5,row06208,2,2
2,4,row01364,-2,2
5,7,row04145,-2,2
6,4,row19582,2,2
8,6,row07199,2,2
6,4,row18955,2,2
10,12,row08871,-2,2
6,4,row05089,2,2
6,4,row05019,2,2
4,2,row02816,2,2
7,9,row21300,-2,2
5,3,row04202,2,2
8,6,row16840,2,2
6,4,row05140,2,2
6,4,row05964,2,2
8,6,row17610,2,2
4,2,row02800,2,2
8,6,row13963,2,2
6,4,row19061,2,2
8,10,row13933,-2,2
8,10,row16730,-2,2
6,4,row06000,2,2
6,4,row15467,2,2
9,11,row18261,-2,2
8,6,row14459,2,2
6,4,row15695,2,2
6,4,row16356,2,2
8,6,row07595,2,2
11,9,row10853,2,2
4,2,row02995,2,2
7,5,row22951,2,2
11,9,row10381,2,2
9,11,row18555,-2,2
4,2,row02790,2,2
6,8,row19843,-2,2
4,6,row02510,-2,2
6,4,row16473,2,2
1,3,row00898,-2,2
6,8,row16138,-2,2
6,4,row05957,2,2
4,2,row02791,2,2
3,1,row02190,2,2
8,6,row14476,2,2
4,2,row03355,2,2
6,8,row19096,-2,2
3,1,row02305,2,2
6,4,row18975,2,2
4,2,row02795,2,2
6,4,row20258,2,2
3,1,row02210,2,2
6,8,row18728,-2,2
11,9,row10719,2,2
7,5,row12459,2,2
8,6,row17712,2,2
11,9,row10135,2,2
6,4,row19491,2,2
4,6,row02492,-2,2
11,9,row09784,2,2
6,8,row05006,-2,2
7,5,row23023,2,2
9,11,row18399,-2,2
8,10,row13955,-2,2
6,4,row19022,2,2
7,5,row12629,2,2
10,8,row09356,2,2
4,2,row02782,2,2
8,10,row17079,-2,2
5,3,row03675,2,2
9,11,row18278,-2,2
6,4,row15797,2,2
6,4,row15944,2,2
9,11,row07795,-2,2
8,6,row14732,2,2
4,2,row02754,2,2
9,7,row08447,2,2
9,11,row18094,-2,2
6,4,row15795,2,2
4,2,row03340,2,2
9,11,row07721,-2,2
8,10,row07035,-2,2
8,6,row15079,2,2
7,5,row13037,2,2
7,9,row21210,-2,2
6,8,row16370,-2,2
8,6,row07625,2,2
5,3,row04095,2,2
7,9,row22011,-2,2
8,10,row13798,-2,2
8,10,row13820,-2,2
9,7,row18073,2,2
8,10,row13885,-2,2
4,2,row02651,2,2
6,8,row15674,-2,2
7,5,row23044,2,2
6,4,row15748,2,2
6,8,row19894,-2,2
7,5,row06183,2,2
6,8,row05005,-2,2
8,6,row07650,2,2
6,4,row18889,2,2
8,6,row17145,2,2
6,8,row04946,-2,2
7,5,row06729,2,2
6,8,row19762,-2,2
4,2,row03325,2,2
8,10,row14809,-2,2
5,7,row13124,-2,2
9,11,row08265,-2,2
4,2,row03346,2,2
6,4,row15725,2,2
6,8,row19979,-2,2
6,4,row15528,2,2
4,2,row23723,2,2
5,3,row04079,2,2
8,6,row07562,2,2
11,9,row10290,2,2
10,8,row09485,2,2
11,9,row10351,2,2
7,6,row20944,1,1
7,6,row21993,1,1
10,9,row09164,1,1
6,7,row19937,-1,1
4,3,row23614,1,1
10,9,row09002,1,1
7,8,row22549,-1,1
8,7,row13857,1,1
7,6,row22153,1,1
6,7,row19841,-1,1
6,5,row16050,1,1
6,7,row20178,-1,1
6,7,row15862,-1,1
7,6,row23025,1,1
7,6,row12581,1,1
3,4,row02478,-1,1
10,11,row09269,-1,1
5,4,row13199,1,1
6,5,row20007,1,1
8,7,row16894,1,1
6,5,row06021,1,1
7,6,row06441,1,1
8,7,row07349,1,1
8,7,row14745,1,1
8,7,row14219,1,1
9,10,row18131,-1,1
7,8,row22497,-1,1
8,7,row14586,1,1
5,4,row04428,1,1
5,4,row03717,1,1
7,6,row06531,1,1
4,3,row03167,1,1
8,7,row17412,1,1
7,8,row21230,-1,1
5,4,row13478,1,1
8,7,row16975,1,1
5,4,row13540,1,1
6,7,row16114,-1,1
4,3,row23275,1,1
5,4,row03770,1,1
9,10,row08005,-1,1
7,6,row22552,1,1
3,4,row02346,-1,1
11,10,row10084,1,1
7,6,row12550,1,1
4,5,row02889,-1,1
6,7,row16622,-1,1
5,4,row13406,1,1
5,6,row13689,-1,1
3,2,row01958,1,1
6,5,row20350,1,1
5,4,row03882,1,1
6,7,row05814,-1,1
5,4,row13148,1,1
7,8,row12901,-1,1
6,5,row05465,1,1
6,7,row05894,-1,1
7,6,row12989,1,1
5,4,row13509,1,1
7,6,row12785,1,1
5,6,row04387,-1,1
4,5,row23283,-1,1
6,5,row05948,1,1
7,6,row12484,1,1
7,6,row21830,1,1
7,6,row21767,1,1
7,8,row21303,-1,1
8,9,row14132,-1,1
7,6,row06910,1,1
7,8,row06861,-1,1
10,9,row09097,1,1
2,3,row01072,-1,1
6,7,row05155,-1,1
5,4,row13094,1,1
7,6,row12672,1,1
6,5,row04761,1,1
9,10,row08401,-1,1
7,6,row06243,1,1
8,7,row07704,1,1
7,6,row06689,1,1
7,6,row12668,1,1
8,9,row15094,-1,1
8,9,row14173,-1,1
6,7,row20312,-1,1
6,5,row20418,1,1
7,6,row12953,1,1
5,4,row03589,1,1
8,7,row07433,1,1
6,7,row04534,-1,1
6,5,row15527,1,1
7,6,row06808,1,1
5,4,row03924,1,1
7,6,row12462,1,1
8,7,row14484,1,1
7,6,row06668,1,1
7,8,row22643,-1,1
7,6,row06391,1,1
5,4,row13218,1,1
5,4,row13467,1,1
6,7,row05641,-1,1
6,5,row05387,1,1
6,7,row16308,-1,1
10,9,row09086,1,1
6,7,row16061,-1,1
6,5,row20370,1,1
8,7,row13898,1,1
11,10,row10013,1,1
11,10,row10237,1,1
6,5,row19208,1,1
8,9,row17351,-1,1
5,4,row03781,1,1
8,9,row14766,-1,1
6,7,row16188,-1,1
3,2,row02394,1,1
7,8,row22632,-1,1
7,8,row21717,-1,1
7,8,row22351,-1,1
8,7,row17421,1,1
6,7,row15514,-1,1
8,7,row07235,1,1
8,7,row14291,1,1
3,4,row02129,-1,1
9,8,row08402,1,1
5,6,row13679,-1,1
8,7,row16842,1,1
8,7,row07478,1,1
7,6,row06740,1,1
7,6,row13034,1,1
6,5,row19212,1,1
2,1,row01645,1,1
12,11,row11959,1,1
11,10,row10512,1,1
6,5,row04787,1,1
7,6,row20994,1,1
6,7,row15230,-1,1
7,8,row22702,-1,1
9,10,row08648,-1,1
9,10,row18559,-1,1
8,7,row17029,1,1
6,7,row15298,-1,1
7,8,row22076,-1,1
6,7,row04498,-1,1
6,7,row15377,-1,1
7,6,row20908,1,1
6,7,row19834,-1,1
6,7,row05849,-1,1
3,2,row02402,1,1
2,1,row01316,1,1
8,7,row07026,1,1
4,3,row03175,1,1
5,6,row13586,-1,1
8,7,row07117,1,1
9,10,row08095,-1,1
5,4,row03585,1,1
6,7,row05183,-1,1
6,5,row05744,1,1
7,8,row22491,-1,1
7,8,row22356,-1,1
7,8,row21343,-1,1
3,2,row01945,1,1
6,5,row20264,1,1
6,7,row05766,-1,1
9,10,row18066,-1,1
7,6,row22161,1,1
6,7,row05484,-1,1
8,7,row16868,1,1
9,8,row08484,1,1
7,6,row12468,1,1
8,7,row17126,1,1
6,7,row19701,-1,1
6,7,row16076,-1,1
2,3,row01201,-1,1
5,6,row03586,-1,1
9,10,row08368,-1,1
7,6,row22006,1,1
9,10,row08247,-1,1
8,7,row17027,1,1
10,9,row08842,1,1
6,7,row15261,-1,1
6,5,row19476,1,1
8,7,row14121,1,1
8,7,row07431,1,1
7,8,row20632,-1,1
9,10,row08631,-1,1
7,6,row06186,1,1
7,6,row06774,1,1
8,7,row07296,1,1
7,6,row12780,1,1
11,10,row09587,1,1
6,7,row16240,-1,1
6,7,row15291,-1,1
5,4,row13288,1,1
8,7,row14463,1,1
7,6,row12811,1,1
9,10,row08361,-1,1
7,6,row20749,1,1
6,7,row04975,-1,1
6,5,row15885,1,1
8,7,row07664,1,1
8,7,row17292,1,1
6,5,row20185,1,1
6,7,row16270,-1,1
9,10,row18630,-1,1
5,4,row04426,1,1
7,6,row22839,1,1
8,7,row16852,1,1
6,7,row20157,-1,1
6,5,row05473,1,1
6,7,row05146,-1,1
6,5,row19236,1,1
6,5,row05944,1,1
9,10,row17946,-1,1
5,4,row13296,1,1
7,8,row22897,-1,1
11,10,row09681,1,1
6,7,row05227,-1,1
7,6,row06160,1,1
6,5,row19998,1,1
6,5,row19146,1,1
6,7,row18861,-1,1
8,7,row07627,1,1
10,9,row09213,1,1
4,3,row23555,1,1
6,7,row05624,-1,1
6,7,row16022,-1,1
7,6,row12739,1,1
9,10,row18586,-1,1
2,3,row00988,-1,1
9,8,row18049,1,1
8,9,row07400,-1,1
6,5,row19202,1,1
8,7,row17335,1,1
6,5,row05579,1,1
5,4,row13089,1,1
6,7,row19107,-1,1
10,11,row08756,-1,1
8,7,row14149,1,1
7,8,row22681,-1,1
6,7,row19424,-1,1
6,7,row05218,-1,1
7,6,row12907,1,1
7,6,row20920,1,1
8,7,row07315,1,1
2,1,row01520,1,1
6,5,row15616,1,1
4,3,row23640,1,1
7,8,row21154,-1,1
4,5,row03080,-1,1
4,5,row02899,-1,1
6,5,row19990,1,1
9,8,row18428,1,1
6,5,row05620,1,1
6,5,row15947,1,1
6,7,row15534,-1,1
6,5,row20369,1,1
7,8,row20597,-1,1
5,4,row04118,1,1
6,7,row19752,-1,1
6,7,row16199,-1,1
6,7,row18655,-1,1
6,5,row05415,1,1
8,7,row14582,1,1
8,7,row14370,1,1
3,2,row02063,1,1
4,5,row02558,-1,1
9,10,row18195,-1,1
7,6,row12421,1,1
8,7,row16991,1,1
6,5,row20179,1,1
6,7,row05244,-1,1
8,7,row07348,1,1
6,7,row16287,-1,1
8,7,row17763,1,1
4,3,row03380,1,1
7,6,row21075,1,1
7,6,row06841,1,1
2,3,row01117,-1,1
7,8,row06628,-1,1
7,8,row22506,-1,1
7,8,row21562,-1,1
9,10,row18308,-1,1
7,6,row06488,1,1
6,5,row05897,1,1
8,7,row15193,1,1
8,7,row14608,1,1
6,7,row19368,-1,1
6,7,row04487,-1,1
8,7,row07144,1,1
8,9,row14239,-1,1
10,9,row08801,1,1
6,7,row18804,-1,1
7,8,row22704,-1,1
7,6,row12666,1,1
7,8,row22627,-1,1
7,6,row22282,1,1
5,4,row03478,1,1
7,8,row21876,-1,1
11,12,row10810,-1,1
8,7,row17232,1,1
7,6,row20729,1,1
6,5,row05942,1,1
5,4,row03911,1,1
7,8,row22069,-1,1
9,10,row08374,-1,1
6,5,row19191,1,1
8,7,row14696,1,1
6,5,row04535,1,1
6,5,row04950,1,1
4,3,row23327,1,1
3,2,row02380,1,1
4,5,row23247,-1,1
9,10,row08531,-1,1
6,7,row19906,-1,1
3,2,row02277,1,1
7,6,row12761,1,1
7,6,row06322,1,1
5,4,row04066,1,1
6,5,row20288,1,1
6,7,row19093,-1,1
8,7,row07082,1,1
9,8,row18112,1,1
3,4,row01836,-1,1
8,7,row16959,1,1
7,6,row20990,1,1
5,4,row04125,1,1
8,7,row14606,1,1
6,7,row04848,-1,1
11,10,row10284,1,1
7,6,row12716,1,1
6,5,row20217,1,1
8,7,row07112,1,1
9,10,row08626,-1,1
7,8,row21309,-1,1
7,6,row21612,1,1
6,7,row05396,-1,1
4,5,row02944,-1,1
6,5,row20503,1,1
8,7,row16905,1,1
6,7,row05983,-1,1
5,4,row03776,1,1
6,7,row16558,-1,1
4,3,row03008,1,1
6,7,row16393,-1,1
6,5,row18993,1,1
5,6,row13653,-1,1
7,6,row06815,1,1
4,3,row23658,1,1
7,8,row22710,-1,1
6,5,row20021,1,1
7,8,row06635,-1,1
7,8,row21239,-1,1
6,7,row18822,-1,1
6,5,row05291,1,1
5,6,row13097,-1,1
5,6,row13624,-1,1
6,7,row19170,-1,1
7,8,row12914,-1,1
5,4,row13298,1,1
7,6,row21102,1,1
5,4,row04447,1,1
5,4,row13492,1,1
9,10,row08244,-1,1
8,9,row14625,-1,1
1,0,row00711,1,1
7,6,row12923,1,1
7,6,row06744,1,1
6,7,row19466,-1,1
7,6,row06817,1,1
7,8,row12880,-1,1
11,10,row10245,1,1
5,4,row03538,1,1
5,6,row13680,-1,1
5,4,row03473,1,1
8,7,row07367,1,1
5,6,row04249,-1,1
4,5,row03066,-1,1
4,3,row23330,1,1
6,5,row19489,1,1
6,5,row20371,1,1
7,8,row21491,-1,1
6,5,row04829,1,1
6,5,row19927,1,1
4,5,row23279,-1,1
10,9,row09042,1,1
7,6,row22975,1,1
7,6,row12779,1,1
4,5,row03153,-1,1
7,8,row21555,-1,1
6,7,row15641,-1,1
6,7,row06013,-1,1
6,5,row15711,1,1
6,7,row05362,-1,1
5,6,row04046,-1,1
7,8,row20582,-1,1
8,7,row07322,1,1
6,7,row19342,-1,1
6,7,row19922,-1,1
8,7,row07293,1,1
8,7,row07280,1,1
6,7,row19610,-1,1
8,7,row07610,1,1
7,6,row12425,1,1
9,8,row08397,1,1
7,6,row12426,1,1
5,4,row13125,1,1
7,6,row22443,1,1
6,7,row16411,-1,1
8,7,row16855,1,1
8,7,row14296,1,1
7,8,row21390,-1,1
9,10,row08589,-1,1
5,4,row13538,1,1
11,10,row10289,1,1
6,7,row05447,-1,1
6,7,row15860,-1,1
6,7,row05794,-1,1
9,10,row08624,-1,1
6,5,row05496,1,1
9,10,row17872,-1,1
7,6,row06457,1,1
7,6,row20974,1,1
5,4,row03705,1,1
7,6,row06844,1,1
6,7,row15978,-1,1
7,6,row06394,1,1
6,5,row20417,1,1
5,4,row03650,1,1
8,9,row14626,-1,1
9,8,row18095,1,1
6,7,row05816,-1,1
8,9,row07514,-1,1
8,9,row14674,-1,1
9,8,row08479,1,1
4,3,row02978,1,1
6,5,row19574,1,1
6,5,row04744,1,1
9,10,row08530,-1,1
4,5,row02716,-1,1
7,6,row13004,1,1
6,5,row05445,1,1
6,5,row18740,1,1
7,6,row12560,1,1
9,10,row07914,-1,1
6,7,row20572,-1,1
5,4,row03570,1,1
6,5,row04963,1,1
5,4,row13339,1,1
4,5,row23361,-1,1
7,6,row20933,1,1
8,7,row14916,1,1
4,3,row02537,1,1
6,7,row19435,-1,1
7,6,row21671,1,1
6,5,row04860,1,1
11,10,row09703,1,1
5,6,row13179,-1,1
8,9,row15035,-1,1
7,6,row12773,1,1
6,5,row20532,1,1
9,10,row07759,-1,1
8,7,row07430,1,1
7,8,row06681,-1,1
3,4,row01918,-1,1
6,7,row16064,-1,1
5,6,row13702,-1,1
8,7,row07369,1,1
5,4,row04259,1,1
7,6,row22094,1,1
5,4,row03834,1,1
6,5,row05081,1,1
7,8,row12515,-1,1
7,6,row06230,1,1
5,6,row13639,-1,1
4,5,row23302,-1,1
10,9,row08729,1,1
6,7,row05238,-1,1
6,5,row19230,1,1
7,6,row21748,1,1
7,6,row12564,1,1
5,6,row04413,-1,1
7,8,row22594,-1,1
6,5,row19949,1,1
8,7,row07151,1,1
8,7,row07098,1,1
7,6,row20653,1,1
11,10,row10625,1,1
12,11,row11148,1,1
6,5,row05413,1,1
5,4,row03494,1,1
4,3,row03314,1,1
5,4,row03612,1,1
7,6,row12661,1,1
8,7,row14043,1,1
7,6,row20756,1,1
6,5,row04522,1,1
7,8,row22834,-1,1
6,5,row19996,1,1
7,6,row20692,1,1
6,5,row19065,1,1
2,1,row01241,1,1
9,10,row18419,-1,1
10,9,row08845,1,1
8,9,row13795,-1,1
10,9,row09255,1,1
2,3,row01768,-1,1
6,7,row16559,-1,1
4,5,row02539,-1,1
6,7,row16000,-1,1
5,4,row13371,1,1
10,11,row08957,-1,1
5,4,row04084,1,1
8,7,row14580,1,1
9,8,row08455,1,1
7,8,row22572,-1,1
7,6,row12633,1,1
3,2,row02413,1,1
2,3,row01513,-1,1
4,3,row23359,1,1
8,7,row17602,1,1
6,5,row04647,1,1
7,8,row21253,-1,1
10,9,row08823,1,1
2,3,row01028,-1,1
4,5,row02988,-1,1
6,7,row19659,-1,1
6,5,row16327,1,1
7,8,row22748,-1,1
6,5,row04550,1,1
7,8,row12404,-1,1
9,8,row08126,1,1
7,6,row20833,1,1
7,6,row21046,1,1
8,7,row07511,1,1
5,4,row13273,1,1
6,7,row19683,-1,1
7,6,row12975,1,1
6,5,row19304,1,1
4,3,row02813,1,1
5,4,row13539,1,1
8,7,row07177,1,1
5,4,row13392,1,1
7,6,row06245,1,1
9,8,row08304,1,1
6,7,row16463,-1,1
6,7,row16082,-1,1
6,7,row18857,-1,1
7,6,row12916,1,1
7,8,row21385,-1,1
7,6,row06091,1,1
5,6,row03993,-1,1
6,5,row16553,1,1
7,8,row22391,-1,1
6,5,row15839,1,1
6,5,row16348,1,1
9,10,row17926,-1,1
7,6,row21532,1,1
7,6,row12939,1,1
5,6,row04432,-1,1
6,7,row15927,-1,1
7,6,row20710,1,1
10,9,row09384,1,1
6,7,row18726,-1,1
8,7,row07453,1,1
6,7,row18849,-1,1
9,10,row08017,-1,1
10,9,row08937,1,1
6,5,row05132,1,1
9,10,row07929,-1,1
8,7,row16886,1,1
6,7,row05649,-1,1
5,4,row04130,1,1
7,8,row22359,-1,1
7,6,row12391,1,1
5,4,row04415,1,1
9,10,row07713,-1,1
7,6,row06496,1,1
4,3,row03263,1,1
6,5,row05398,1,1
7,6,row06343,1,1
6,5,row05674,1,1
7,6,row06137,1,1
4,5,row23187,-1,1
4,5,row02489,-1,1
7,6,row12996,1,1
7,8,row21432,-1,1
6,7,row15691,-1,1
5,6,row13063,-1,1
6,7,row05832,-1,1
6,7,row16045,-1,1
9,8,row18351,1,1
4,3,row23619,1,1
8,7,row07419,1,1
7,6,row06527,1,1
6,7,row05490,-1,1
5,4,row03793,1,1
8,7,row15157,1,1
6,7,row05022,-1,1
8,7,row14811,1,1
7,8,row22032,-1,1
7,8,row21594,-1,1
10,9,row09545,1,1
6,7,row18734,-1,1
7,6,row21002,1,1
11,10,row09786,1,1
6,5,row18851,1,1
6,7,row05394,-1,1
5,4,row13154,1,1
2,3,row01627,-1,1
7,8,row22634,-1,1
5,6,row04016,-1,1
6,7,row05825,-1,1
8,9,row16650,-1,1
6,7,row15357,-1,1
10,11,row08919,-1,1
8,7,row16802,1,1
9,10,row07807,-1,1
8,7,row07698,1,1
6,7,row19726,-1,1
7,6,row21600,1,1
8,7,row17425,1,1
2,1,row01095,1,1
8,9,row16833,-1,1
6,5,row05692,1,1
8,9,row13875,-1,1
7,6,row06785,1,1
10,9,row09045,1,1
6,7,row06006,-1,1
7,8,row22176,-1,1
7,6,row22178,1,1
6,7,row15535,-1,1
6,7,row16416,-1,1
7,8,row22484,-1,1
5,4,row03657,1,1
7,6,row23054,1,1
10,9,row09498,1,1
0,1,row00275,-1,1
6,5,row16619,1,1
1,2,row00683,-1,1
6,5,row05666,1,1
7,8,row22706,-1,1
6,5,row18907,1,1
7,6,row13024,1,1
3,4,row01848,-1,1
0,1,row00219,-1,1
5,4,row03856,1,1
6,7,row15459,-1,1
11,10,row10356,1,1
7,8,row21267,-1,1
5,6,row13078,-1,1
5,4,row03638,1,1
7,6,row23037,1,1
7,6,row06932,1,1
7,6,row06447,1,1
7,6,row12670,1,1
6,5,row19154,1,1
6,7,row16095,-1,1
4,5,row23309,-1,1
9,8,row08488,1,1
8,7,row07277,1,1
6,7,row16030,-1,1
6,5,row04613,1,1
6,7,row19862,-1,1
8,7,row07083,1,1
7,6,row12673,1,1
5,6,row13070,-1,1
6,7,row16202,-1,1
11,12,row10508,-1,1
6,5,row19938,1,1
5,4,row03403,1,1
3,2,row02054,1,1
9,8,row08464,1,1
6,5,row04500,1,1
4,5,row02626,-1,1
6,7,row19689,-1,1
6,5,row04771,1,1
5,4,row13278,1,1
1,0,row00719,1,1
7,6,row13035,1,1
8,7,row17406,1,1
6,5,row04994,1,1
6,7,row15982,-1,1
9,10,row17847,-1,1
4,3,row02783,1,1
8,9,row14666,-1,1
7,8,row22337,-1,1
6,7,row15412,-1,1
8,7,row17257,1,1
9,10,row18239,-1,1
5,6,row13642,-1,1
5,4,row03880,1,1
6,7,row05555,-1,1
6,5,row05135,1,1
7,8,row22479,-1,1
6,7,row05149,-1,1
7,6,row22888,1,1
3,2,row02006,1,1
9,10,row18232,-1,1
5,4,row04234,1,1
6,7,row19718,-1,1
6,5,row20164,1,1
8,7,row07356,1,1
5,4,row03926,1,1
9,8,row07838,1,1
7,8,row12830,-1,1
7,6,row21563,1,1
6,5,row05382,1,1
9,10,row08660,-1,1
6,7,row19633,-1,1
9,10,row18581,-1,1
8,7,row15166,1,1
10,9,row09508,1,1
9,10,row17951,-1,1
10,11,row08790,-1,1
5,4,row04179,1,1
1,0,row00483,1,1
6,7,row15979,-1,1
6,7,row20158,-1,1
6,7,row18714,-1,1
5,4,row03810,1,1
7,6,row20853,1,1
7,6,row22780,1,1
6,5,row18909,1,1
6,5,row19162,1,1
6,7,row18701,-1,1
9,10,row07921,-1,1
7,6,row06536,1,1
5,4,row03671,1,1
6,5,row05539,1,1
6,7,row05400,-1,1
6,7,row20102,-1,1
7,6,row22272,1,1
7,6,row20789,1,1
9,10,row18081,-1,1
6,5,row19963,1,1
8,7,row14356,1,1
7,6,row22842,1,1
6,7,row19527,-1,1
3,2,row02462,1,1
6,7,row19374,-1,1
7,6,row22129,1,1
7,6,row21362,1,1
7,6,row21697,1,1
8,7,row07143,1,1
7,8,row22474,-1,1
6,7,row20349,-1,1
6,7,row16421,-1,1
6,7,row16204,-1,1
5,4,row03666,1,1
7,6,row23145,1,1
6,7,row05843,-1,1
5,4,row13544,1,1
8,7,row07456,1,1
7,6,row12424,1,1
5,4,row03663,1,1
6,7,row19383,-1,1
7,6,row12944,1,1
6,7,row20111,-1,1
8,7,row16826,1,1
5,4,row03485,1,1
6,7,row16185,-1,1
7,6,row22278,1,1
6,7,row15447,-1,1
6,5,row15717,1,1
8,7,row14528,1,1
7,6,row06952,1,1
7,6,row06104,1,1
9,10,row18143,-1,1
7,8,row06584,-1,1
5,6,row13185,-1,1
5,6,row13328,-1,1
9,8,row08489,1,1
8,7,row16845,1,1
3,2,row02052,1,1
8,9,row13814,-1,1
6,5,row15374,1,1
5,4,row13458,1,1
4,3,row03280,1,1
6,7,row18725,-1,1
7,8,row12849,-1,1
6,7,row19661,-1,1
7,6,row22786,1,1
6,5,row20494,1,1
8,7,row07272,1,1
11,12,row10831,-1,1
8,9,row14128,-1,1
8,9,row14650,-1,1
11,10,row10613,1,1
7,6,row21998,1,1
8,7,row16892,1,1
6,5,row20465,1,1
6,5,row05479,1,1
6,5,row15829,1,1
5,4,row13105,1,1
7,8,row21459,-1,1
9,10,row18297,-1,1
7,8,row06148,-1,1
8,7,row14894,1,1
9,10,row07797,-1,1
5,4,row03871,1,1
4,5,row02909,-1,1
7,8,row21481,-1,1
7,6,row12452,1,1
6,5,row18810,1,1
6,7,row18674,-1,1
7,6,row06761,1,1
7,8,row22638,-1,1
10,9,row09460,1,1
7,6,row06344,1,1
6,5,row20316,1,1
7,6,row12408,1,1
6,5,row05054,1,1
9,10,row17861,-1,1
7,6,row22759,1,1
7,6,row12895,1,1
7,6,row22235,1,1
6,7,row15403,-1,1
6,5,row05933,1,1
6,7,row18699,-1,1
7,8,row21435,-1,1
8,7,row07339,1,1
7,8,row21978,-1,1
6,5,row20339,1,1
5,4,row04013,1,1
6,7,row05255,-1,1
8,7,row14414,1,1
7,8,row06676,-1,1
5,4,row03868,1,1
7,8,row22667,-1,1
9,10,row08538,-1,1
8,7,row17321,1,1
6,7,row15201,-1,1
6,7,row15406,-1,1
9,10,row07928,-1,1
6,7,row15494,-1,1
6,5,row05047,1,1
6,7,row19776,-1,1
5,6,row13058,-1,1
7,8,row22837,-1,1
6,7,row05516,-1,1
6,5,row04754,1,1
5,6,row03908,-1,1
8,7,row14861,1,1
8,7,row17755,1,1
3,2,row02396,1,1
5,4,row04361,1,1
10,9,row09239,1,1
8,7,row07318,1,1
7,6,row06936,1,1
10,9,row09223,1,1
7,6,row06678,1,1
7,6,row12428,1,1
7,6,row22280,1,1
6,5,row05033,1,1
6,7,row16462,-1,1
10,9,row09544,1,1
9,8,row18389,1,1
3,4,row01818,-1,1
8,7,row07513,1,1
6,5,row19429,1,1
9,8,row07831,1,1
6,7,row16600,-1,1
3,4,row01846,-1,1
6,7,row05647,-1,1
8,7,row07648,1,1
7,8,row22635,-1,1
11,10,row09674,1,1
7,8,row21305,-1,1
8,7,row14465,1,1
7,8,row06619,-1,1
6,5,row15555,1,1
6,7,row16044,-1,1
3,2,row01908,1,1
4,3,row03087,1,1
11,12,row10647,-1,1
7,6,row21025,1,1
8,7,row16941,1,1
5,4,row04076,1,1
7,6,row06435,1,1
6,5,row05212,1,1
10,11,row08873,-1,1
9,10,row08036,-1,1
8,7,row07505,1,1
8,7,row07630,1,1
9,10,row08630,-1,1
5,4,row04115,1,1
6,5,row05023,1,1
8,7,row14715,1,1
6,7,row20086,-1,1
6,5,row16542,1,1
5,6,row13050,-1,1
6,5,row20229,1,1
6,5,row05347,1,1
10,11,row09177,-1,1
7,8,row21304,-1,1
4,5,row02602,-1,1
7,8,row12836,-1,1
7,6,row20711,1,1
6,5,row19912,1,1
7,8,row21414,-1,1
6,5,row19934,1,1
6,5,row15387,1,1
4,5,row23199,-1,1
7,6,row21859,1,1
9,8,row08416,1,1
6,5,row16522,1,1
7,6,row06767,1,1
1,0,row00872,1,1
7,6,row12481,1,1
6,7,row19904,-1,1
7,8,row22741,-1,1
6,7,row19337,-1,1
7,8,row12394,-1,1
8,7,row16911,1,1
7,8,row06109,-1,1
6,7,row15278,-1,1
7,8,row06469,-1,1
7,6,row22755,1,1
7,6,row21094,1,1
6,7,row16208,-1,1
7,6,row13007,1,1
3,4,row01793,-1,1
6,7,row19471,-1,1
5,4,row03867,1,1
9,10,row18566,-1,1
3,2,row02424,1,1
6,5,row05142,1,1
9,10,row17836,-1,1
4,5,row03083,-1,1
7,8,row21276,-1,1
5,4,row03771,1,1
8,7,row14679,1,1
11,10,row09591,1,1
8,9,row13983,-1,1
7,8,row21308,-1,1
6,5,row04482,1,1
8,9,row17086,-1,1
4,3,row03383,1,1
6,7,row18745,-1,1
7,6,row12571,1,1
6,5,row05630,1,1
5,4,row04276,1,1
7,6,row22935,1,1
8,7,row17255,1,1
7,8,row21290,-1,1
6,7,row19500,-1,1
6,5,row15627,1,1
7,6,row21863,1,1
8,7,row15159,1,1
7,6,row21735,1,1
9,10,row08632,-1,1
4,5,row23351,-1,1
6,7,row16178,-1,1
6,7,row19924,-1,1
6,5,row20282,1,1
7,6,row12446,1,1
7,6,row22009,1,1
7,6,row12906,1,1
5,4,row04356,1,1
4,5,row23223,-1,1
6,5,row05031,1,1
5,6,row03477,-1,1
7,6,row21128,1,1
7,8,row12598,-1,1
7,6,row22225,1,1
11,10,row10627,1,1
9,10,row18564,-1,1
4,5,row02622,-1,1
7,8,row20718,-1,1
6,7,row16555,-1,1
7,6,row21962,1,1
8,7,row07371,1,1
6,5,row15575,1,1
8,7,row15180,1,1
5,4,row03479,1,1
7,8,row22512,-1,1
8,9,row07264,-1,1
7,6,row12801,1,1
7,6,row12433,1,1
7,6,row22598,1,1
9,8,row08100,1,1
6,5,row15511,1,1
2,3,row00970,-1,1
7,6,row06901,1,1
4,3,row02817,1,1
5,4,row13416,1,1
1,0,row00763,1,1
7,8,row22500,-1,1
8,7,row14604,1,1
7,6,row12685,1,1
7,6,row21877,1,1
9,10,row07991,-1,1
3,4,row01808,-1,1
10,9,row09203,1,1
9,10,row08171,-1,1
9,10,row08177,-1,1
6,5,row15985,1,1
7,6,row21062,1,1
6,7,row18691,-1,1
8,7,row07336,1,1
6,7,row20188,-1,1
6,7,row19606,-1,1
6,5,row20381,1,1
6,5,row20420,1,1
7,6,row06154,1,1
5,6,row04177,-1,1
8,7,row07534,1,1
3,2,row01954,1,1
11,10,row09656,1,1
6,5,row19966,1,1
6,5,row05923,1,1
5,6,row04376,-1,1
7,8,row06125,-1,1
5,4,row03689,1,1
7,8,row21433,-1,1
7,6,row21688,1,1
7,8,row06592,-1,1
7,8,row06575,-1,1
7,6,row06403,1,1
6,5,row04778,1,1
6,7,row05201,-1,1
3,2,row02258,1,1
9,10,row18369,-1,1
4,3,row02984,1,1
7,6,row23089,1,1
3,4,row02031,-1,1
6,7,row05761,-1,1
7,8,row22684,-1,1
8,9,row13991,-1,1
6,5,row05379,1,1
10,9,row09420,1,1
7,6,row21581,1,1
4,5,row02943,-1,1
6,5,row20377,1,1
7,8,row21344,-1,1
10,11,row09198,-1,1
5,4,row03687,1,1
3,2,row01827,1,1
7,8,row12867,-1,1
8,9,row14110,-1,1
8,9,row13810,-1,1
6,7,row16304,-1,1
9,8,row08288,1,1
6,7,row16164,-1,1
6,5,row20475,1,1
6,7,row19736,-1,1
7,6,row06264,1,1
9,8,row07859,1,1
5,4,row13279,1,1
7,6,row12414,1,1
5,4,row03917,1,1
8,7,row14424,1,1
9,8,row18111,1,1
5,4,row04099,1,1
8,7,row14699,1,1
8,7,row07429,1,1
7,6,row06151,1,1
7,6,row22093,1,1
7,8,row12823,-1,1
6,7,row16068,-1,1
8,7,row17417,1,1
5,4,row03667,1,1
8,9,row07449,-1,1
7,8,row12941,-1,1
1,0,row00787,1,1
3,2,row02282,1,1
4,5,row23496,-1,1
7,6,row21018,1,1
8,7,row07163,1,1
6,7,row19957,-1,1
8,7,row07204,1,1
6,5,row15824,1,1
6,5,row05383,1,1
3,2,row02221,1,1
5,6,row13551,-1,1
6,7,row20195,-1,1
7,8,row21434,-1,1
8,7,row17264,1,1
3,2,row01979,1,1
11,10,row10273,1,1
7,8,row06680,-1,1
10,9,row09504,1,1
8,7,row07079,1,1
6,5,row19931,1,1
6,7,row19681,-1,1
7,6,row22777,1,1
9,8,row18478,1,1
6,7,row18704,-1,1
7,8,row20767,-1,1
7,6,row06779,1,1
7,8,row21545,-1,1
9,10,row08665,-1,1
0,1,row00379,-1,1
6,7,row05803,-1,1
7,6,row12580,1,1
7,8,row22565,-1,1
8,7,row14103,1,1
7,8,row22800,-1,1
7,8,row21006,-1,1
4,5,row02583,-1,1
9,8,row18414,1,1
4,3,row03068,1,1
11,10,row09916,1,1
6,7,row19372,-1,1
8,9,row16674,-1,1
7,8,row21482,-1,1
7,6,row21637,1,1
6,5,row05998,1,1
7,8,row12807,-1,1
8,9,row06967,-1,1
7,8,row21823,-1,1
6,7,row16148,-1,1
10,9,row09404,1,1
7,8,row22645,-1,1
6,5,row19251,1,1
7,6,row21084,1,1
6,5,row16382,1,1
8,9,row16655,-1,1
8,7,row17500,1,1
5,4,row03516,1,1
6,7,row05082,-1,1
7,8,row21252,-1,1
7,8,row21376,-1,1
7,8,row06075,-1,1
5,6,row13602,-1,1
8,7,row17288,1,1
7,8,row20841,-1,1
7,8,row21196,-1,1
6,7,row19196,-1,1
8,7,row15143,1,1
8,9,row14902,-1,1
6,5,row19632,1,1
11,10,row09600,1,1
6,5,row20116,1,1
5,6,row03425,-1,1
6,7,row05176,-1,1
8,9,row14634,-1,1
8,7,row14350,1,1
6,5,row19975,1,1
6,7,row19569,-1,1
9,10,row07919,-1,1
7,6,row06494,1,1
7,6,row13010,1,1
6,5,row16578,1,1
6,7,row15869,-1,1
6,5,row04715,1,1
6,5,row20191,1,1
6,5,row04781,1,1
6,7,row05984,-1,1
7,8,row12734,-1,1
6,7,row16086,-1,1
6,7,row20311,-1,1
5,4,row13241,1,1
7,8,row22884,-1,1
9,8,row18368,1,1
6,7,row16290,-1,1
5,4,row04058,1,1
11,10,row09812,1,1
6,7,row20103,-1,1
6,7,row19631,-1,1
8,7,row14055,1,1
6,7,row15331,-1,1
6,5,row18719,1,1
7,8,row06799,-1,1
7,6,row22913,1,1
6,5,row04536,1,1
11,10,row10535,1,1
8,7,row17060,1,1
6,7,row05891,-1,1
4,3,row03356,1,1
5,4,row03811,1,1
8,7,row14270,1,1
6,5,row19575,1,1
10,11,row09327,-1,1
6,7,row19557,-1,1
10,9,row08828,1,1
7,6,row20916,1,1
9,8,row18397,1,1
10,11,row09158,-1,1
8,7,row17170,1,1
9,10,row18529,-1,1
7,8,row22768,-1,1
5,4,row03795,1,1
6,7,row19728,-1,1
5,6,row13081,-1,1
6,7,row20231,-1,1
7,8,row21421,-1,1
7,6,row06444,1,1
10,9,row09510,1,1
4,3,row02931,1,1
6,7,row15395,-1,1
6,7,row15917,-1,1
6,7,row15335,-1,1
6,7,row16179,-1,1
5,4,row04273,1,1
11,10,row09646,1,1
6,7,row20107,-1,1
6,7,row19846,-1,1
7,8,row06615,-1,1
6,5,row20163,1,1
9,8,row08571,1,1
3,2,row02274,1,1
9,10,row18036,-1,1
6,7,row05591,-1,1
6,7,row19464,-1,1
8,7,row14963,1,1
7,8,row21429,-1,1
7,6,row22214,1,1
4,3,row23719,1,1
11,10,row09749,1,1
6,7,row19411,-1,1
9,8,row08421,1,1
7,6,row06771,1,1
5,4,row04246,1,1
6,7,row16027,-1,1
8,7,row17002,1,1
9,8,row08387,1,1
6,5,row05524,1,1
5,4,row04295,1,1
7,8,row21614,-1,1
7,8,row21401,-1,1
8,9,row13794,-1,1
1,0,row00770,1,1
7,6,row06442,1,1
6,5,row20421,1,1
7,6,row06888,1,1
7,6,row20972,1,1
8,7,row07104,1,1
7,8,row22566,-1,1
7,6,row06878,1,1
7,6,row20745,1,1
11,10,row10089,1,1
6,7,row05534,-1,1
8,9,row13966,-1,1
9,8,row08254,1,1
6,5,row05026,1,1
7,8,row21954,-1,1
4,3,row02987,1,1
7,6,row20700,1,1
8,7,row07152,1,1
9,10,row18568,-1,1
6,5,row04828,1,1
8,7,row15096,1,1
3,2,row02318,1,1
7,8,row21302,-1,1
6,7,row05078,-1,1
6,7,row04839,-1,1
7,6,row20605,1,1
9,8,row18005,1,1
7,8,row21279,-1,1
6,5,row18885,1,1
8,7,row07678,1,1
6,7,row15282,-1,1
8,7,row17450,1,1
5,4,row04224,1,1
6,7,row16143,-1,1
3,4,row01899,-1,1
7,6,row06839,1,1
8,9,row17013,-1,1
7,6,row06907,1,1
6,7,row05839,-1,1
4,5,row03262,-1,1
8,9,row17076,-1,1
7,6,row06657,1,1
7,8,row12816,-1,1
9,10,row18543,-1,1
8,9,row14635,-1,1
8,7,row15142,1,1
11,10,row10035,1,1
6,7,row15744,-1,1
6,5,row05939,1,1
7,8,row21408,-1,1
5,4,row03837,1,1
5,4,row13466,1,1
7,6,row06603,1,1
5,4,row03828,1,1
6,7,row20068,-1,1
7,6,row06498,1,1
8,7,row07294,1,1
6,7,row20064,-1,1
8,7,row07446,1,1
8,7,row16874,1,1
8,7,row13861,1,1
10,9,row09034,1,1
6,7,row19802,-1,1
6,5,row19333,1,1
6,7,row15449,-1,1
7,6,row22413,1,1
6,5,row06037,1,1
7,8,row21310,-1,1
9,8,row08150,1,1
5,4,row13502,1,1
5,6,row13054,-1,1
7,6,row12539,1,1
7,8,row22713,-1,1
1,2,row00624,-1,1
6,7,row19360,-1,1
8,7,row17069,1,1
5,4,row13394,1,1
2,1,row01518,1,1
6,5,row05862,1,1
6,7,row19665,-1,1
7,8,row22312,-1,1
9,10,row18446,-1,1
8,7,row14342,1,1
7,6,row06083,1,1
6,7,row18753,-1,1
9,8,row08259,1,1
9,10,row17970,-1,1
11,10,row10601,1,1
7,6,row23048,1,1
6,5,row04652,1,1
8,7,row07662,1,1
8,7,row13850,1,1
1,2,row00526,-1,1
6,7,row18826,-1,1
4,5,row03012,-1,1
8,9,row14843,-1,1
7,6,row22703,1,1
3,2,row02128,1,1
6,7,row16357,-1,1
6,7,row16263,-1,1
10,9,row09489,1,1
7,8,row22606,-1,1
6,7,row15225,-1,1
4,3,row03001,1,1
7,8,row22584,-1,1
8,9,row07618,-1,1
7,8,row21340,-1,1
7,6,row20806,1,1
6,7,row15294,-1,1
5,4,row13255,1,1
6,5,row05599,1,1
10,9,row09336,1,1
5,4,row13477,1,1
7,8,row22352,-1,1
4,3,row03161,1,1
7,8,row21339,-1,1
4,3,row03336,1,1
9,10,row07806,-1,1
8,9,row16670,-1,1
9,10,row18426,-1,1
7,6,row12618,1,1
7,6,row21667,1,1
5,6,row13598,-1,1
6,5,row19880,1,1
7,6,row12835,1,1
6,5,row04809,1,1
6,7,row19161,-1,1
7,6,row12995,1,1
5,4,row13523,1,1
6,5,row19427,1,1
7,8,row21316,-1,1
6,5,row20253,1,1
6,7,row15989,-1,1
8,7,row07203,1,1
8,9,row17161,-1,1
6,7,row19404,-1,1
6,7,row16291,-1,1
5,4,row03709,1,1
7,6,row12657,1,1
6,7,row19697,-1,1
4,5,row23478,-1,1
4,3,row23689,1,1
8,7,row16937,1,1
3,2,row02273,1,1
7,6,row22331,1,1
7,6,row21789,1,1
5,4,row03899,1,1
6,5,row16589,1,1
7,6,row06445,1,1
6,7,row19724,-1,1
7,6,row12422,1,1
4,5,row03223,-1,1
7,6,row12752,1,1
9,10,row18319,-1,1
11,10,row10352,1,1
6,7,row16121,-1,1
5,6,row04359,-1,1
6,7,row20356,-1,1
9,10,row08548,-1,1
6,7,row19564,-1,1
6,5,row20270,1,1
7,8,row22021,-1,1
6,7,row20172,-1,1
6,5,row15434,1,1
5,4,row04121,1,1
7,8,row12549,-1,1
6,5,row04554,1,1
6,7,row16409,-1,1
6,7,row19386,-1,1
8,7,row17727,1,1
5,6,row04414,-1,1
5,4,row03922,1,1
5,6,row13654,-1,1
8,7,row14384,1,1
8,7,row14403,1,1
7,6,row22813,1,1
6,7,row16401,-1,1
7,8,row12896,-1,1
7,6,row23041,1,1
7,8,row12765,-1,1
6,7,row05043,-1,1
7,6,row22206,1,1
9,8,row08583,1,1
5,4,row04238,1,1
4,3,row23700,1,1
6,7,row16569,-1,1
6,5,row06012,1,1
7,6,row20732,1,1
3,2,row02229,1,1
7,8,row22802,-1,1
8,7,row14906,1,1
8,9,row16664,-1,1
7,6,row21746,1,1
6,5,row20347,1,1
7,8,row21484,-1,1
8,7,row07466,1,1
5,4,row13308,1,1
5,4,row13505,1,1
7,6,row22196,1,1
6,7,row16408,-1,1
7,6,row06231,1,1
9,10,row08096,-1,1
6,5,row04637,1,1
6,7,row04922,-1,1
9,10,row07917,-1,1
8,7,row14736,1,1
7,8,row20955,-1,1
7,8,row21332,-1,1
3,2,row01928,1,1
7,6,row06795,1,1
7,6,row12729,1,1
8,7,row17731,1,1
10,9,row09431,1,1
7,8,row21198,-1,1
5,4,row04349,1,1
8,7,row14108,1,1
8,7,row07599,1,1
7,6,row22955,1,1
7,8,row21527,-1,1
4,3,row03265,1,1
6,7,row15254,-1,1
6,5,row19991,1,1
10,9,row09417,1,1
5,6,row03994,-1,1
7,8,row21281,-1,1
6,7,row05254,-1,1
5,4,row03536,1,1
7,6,row21013,1,1
7,8,row21275,-1,1
8,7,row15144,1,1
5,6,row03465,-1,1
8,7,row14734,1,1
7,8,row21203,-1,1
6,7,row15518,-1,1
6,5,row04798,1,1
7,6,row12838,1,1
6,5,row20256,1,1
7,8,row06089,-1,1
6,5,row16250,1,1
9,10,row17906,-1,1
11,10,row09809,1,1
7,8,row06088,-1,1
8,7,row07092,1,1
9,10,row08634,-1,1
6,7,row04717,-1,1
9,10,row18034,-1,1
7,6,row12722,1,1
6,7,row19891,-1,1
9,10,row17990,-1,1
6,7,row19598,-1,1
9,10,row07819,-1,1
2,3,row01455,-1,1
5,6,row03504,-1,1
8,7,row17059,1,1
7,8,row22601,-1,1
7,6,row22418,1,1
8,7,row16847,1,1
6,5,row04782,1,1
6,5,row20574,1,1
9,8,row08257,1,1
7,8,row22519,-1,1
7,8,row12403,-1,1
6,7,row18781,-1,1
6,7,row16451,-1,1
8,7,row14552,1,1
6,5,row05526,1,1
2,3,row00932,-1,1
8,7,row06961,1,1
6,7,row19864,-1,1
7,6,row21741,1,1
6,7,row18683,-1,1
4,3,row23646,1,1
7,8,row22398,-1,1
7,8,row20625,-1,1
6,7,row05830,-1,1
6,5,row15427,1,1
6,7,row15821,-1,1
9,8,row18067,1,1
6,5,row20265,1,1
7,6,row06396,1,1
7,8,row06184,-1,1
8,9,row07066,-1,1
6,7,row18679,-1,1
7,6,row23052,1,1
9,10,row18552,-1,1
7,6,row22038,1,1
4,3,row23641,1,1
8,7,row07517,1,1
7,6,row06759,1,1
4,5,row03033,-1,1
3,2,row02279,1,1
6,7,row05063,-1,1
5,4,row13485,1,1
7,6,row12993,1,1
7,6,row21707,1,1
7,8,row21497,-1,1
7,6,row06814,1,1
5,4,row03838,1,1
7,8,row22832,-1,1
3,4,row01951,-1,1
2,1,row01617,1,1
7,6,row21709,1,1
4,5,row23201,-1,1
7,8,row22083,-1,1
6,7,row19340,-1,1
6,7,row20457,-1,1
6,5,row20480,1,1
6,7,row19378,-1,1
6,5,row18998,1,1
6,5,row04884,1,1
6,5,row04751,1,1
9,10,row08019,-1,1
6,7,row18823,-1,1
4,5,row02867,-1,1
6,7,row04506,-1,1
9,10,row08643,-1,1
6,5,row16013,1,1
3,2,row02371,1,1
7,8,row21487,-1,1
7,8,row22372,-1,1
6,5,row20300,1,1
6,5,row16273,1,1
7,6,row12903,1,1
7,8,row22740,-1,1
6,7,row19255,-1,1
7,6,row12620,1,1
8,7,row16784,1,1
7,6,row12513,1,1
6,5,row05125,1,1
8,7,row14578,1,1
2,1,row01097,1,1
7,6,row21887,1,1
5,4,row03695,1,1
8,7,row17317,1,1
6,5,row05640,1,1
7,8,row22641,-1,1
6,7,row16266,-1,1
6,7,row20083,-1,1
7,8,row22188,-1,1
8,7,row14442,1,1
4,3,row23733,1,1
3,2,row02126,1,1
6,5,row04731,1,1
6,7,row18837,-1,1
7,8,row21544,-1,1
6,5,row04732,1,1
9,8,row18298,1,1
5,6,row03399,-1,1
7,6,row13018,1,1
6,5,row05753,1,1
6,7,row19892,-1,1
9,10,row08637,-1,1
10,9,row08860,1,1
10,9,row09290,1,1
6,7,row15352,-1,1
10,9,row09064,1,1
6,7,row05242,-1,1
6,7,row18667,-1,1
2,1,row01110,1,1
8,7,row16792,1,1
7,6,row06913,1,1
9,10,row18628,-1,1
5,4,row03402,1,1
6,5,row20051,1,1
6,5,row04568,1,1
6,5,row05366,1,1
6,5,row04812,1,1
4,3,row23731,1,1
7,8,row12862,-1,1
7,8,row22791,-1,1
7,8,row12399,-1,1
6,7,row05837,-1,1
5,4,row03463,1,1
6,7,row05506,-1,1
9,8,row18107,1,1
7,8,row21289,-1,1
8,7,row14096,1,1
9,10,row08562,-1,1
8,7,row07236,1,1
6,5,row05695,1,1
5,4,row04243,1,1
8,9,row15037,-1,1
3,4,row02450,-1,1
7,8,row22636,-1,1
11,10,row10108,1,1
8,7,row07145,1,1
3,4,row01864,-1,1
7,8,row21715,-1,1
7,6,row20701,1,1
7,6,row20807,1,1
8,7,row07291,1,1
7,6,row12842,1,1
6,7,row19883,-1,1
8,7,row14810,1,1
6,5,row15521,1,1
6,7,row05857,-1,1
7,6,row22825,1,1
6,7,row20161,-1,1
9,10,row18570,-1,1
4,5,row02645,-1,1
4,3,row03139,1,1
7,6,row12957,1,1
6,7,row18801,-1,1
10,9,row09210,1,1
8,9,row07420,-1,1
7,8,row21892,-1,1
7,6,row06466,1,1
7,6,row06783,1,1
6,5,row16352,1,1
7,6,row22110,1,1
6,7,row20419,-1,1
5,4,row03520,1,1
5,4,row03704,1,1
11,12,row10641,-1,1
8,7,row07417,1,1
2,3,row01425,-1,1
6,5,row19492,1,1
2,3,row00925,-1,1
10,9,row09483,1,1
6,7,row18876,-1,1
7,8,row21256,-1,1
9,10,row18155,-1,1
8,7,row14897,1,1
4,5,row02893,-1,1
6,7,row18860,-1,1
0,1,row00467,-1,1
6,7,row16211,-1,1
6,7,row19627,-1,1
5,4,row13247,1,1
9,8,row18266,1,1
7,6,row06897,1,1
7,6,row21123,1,1
7,6,row21895,1,1
3,2,row02158,1,1
6,5,row15391,1,1
3,2,row02036,1,1
10,9,row09104,1,1
7,8,row06580,-1,1
4,5,row23420,-1,1
7,8,row06662,-1,1
7,8,row22380,-1,1
6,7,row19355,-1,1
6,5,row19533,1,1
5,4,row03499,1,1
6,7,row15888,-1,1
6,5,row19907,1,1
6,5,row04940,1,1
9,10,row08249,-1,1
7,8,row12390,-1,1
6,5,row05549,1,1
8,9,row16691,-1,1
7,6,row06642,1,1
6,5,row19967,1,1
7,6,row20895,1,1
7,6,row06677,1,1
6,7,row19887,-1,1
10,9,row09248,1,1
7,8,row21327,-1,1
6,7,row19220,-1,1
8,7,row14382,1,1
6,7,row16131,-1,1
7,8,row12915,-1,1
6,7,row05208,-1,1
5,4,row03598,1,1
6,7,row20341,-1,1
6,7,row06059,-1,1
6,7,row19707,-1,1
10,9,row08839,1,1
4,5,row02523,-1,1
6,5,row18769,1,1
6,5,row05902,1,1
5,4,row13297,1,1
7,6,row21788,1,1
8,9,row14763,-1,1
8,7,row17456,1,1
7,6,row06431,1,1
6,7,row19097,-1,1
8,7,row17262,1,1
6,5,row15838,1,1
5,4,row13343,1,1
6,5,row04712,1,1
6,7,row16040,-1,1
4,3,row02653,1,1
6,7,row15990,-1,1
5,4,row13443,1,1
6,7,row19167,-1,1
8,7,row07226,1,1
7,8,row22377,-1,1
6,7,row19380,-1,1
6,5,row19250,1,1
5,6,row03394,-1,1
5,4,row13192,1,1
7,8,row22387,-1,1
6,7,row05968,-1,1
8,7,row07393,1,1
7,8,row21186,-1,1
7,8,row21372,-1,1
6,7,row15898,-1,1
10,9,row09205,1,1
9,10,row07985,-1,1
5,4,row13224,1,1
7,6,row06337,1,1
8,7,row07416,1,1
6,5,row16123,1,1
6,7,row04775,-1,1
4,3,row02766,1,1
5,4,row13109,1,1
6,7,row15651,-1,1
7,8,row21589,-1,1
9,8,row18059,1,1
7,6,row06110,1,1
6,7,row15753,-1,1
6,5,row18906,1,1
5,4,row13429,1,1
2,1,row01103,1,1
5,4,row03628,1,1
8,7,row07524,1,1
5,6,row03442,-1,1
7,8,row21215,-1,1
6,7,row16487,-1,1
7,6,row13019,1,1
7,6,row20934,1,1
3,4,row02084,-1,1
8,7,row17320,1,1
8,7,row07376,1,1
10,11,row09378,-1,1
2,1,row01067,1,1
8,7,row14577,1,1
7,6,row12578,1,1
9,10,row07871,-1,1
8,9,row16679,-1,1
9,10,row08227,-1,1
10,9,row08846,1,1
6,7,row18852,-1,1
8,7,row17022,1,1
3,4,row01816,-1,1
8,7,row07497,1,1
7,6,row20719,1,1
5,6,row13731,-1,1
6,5,row19291,1,1
7,6,row20738,1,1
11,10,row09733,1,1
6,5,row04607,1,1
10,11,row08793,-1,1
5,6,row03433,-1,1
7,6,row12591,1,1
6,5,row15440,1,1
8,7,row17123,1,1
5,6,row13697,-1,1
6,5,row16540,1,1
7,6,row12440,1,1
7,8,row21176,-1,1
4,3,row03179,1,1
6,7,row18677,-1,1
3,2,row02323,1,1
7,8,row21570,-1,1
7,8,row06796,-1,1
5,4,row03938,1,1
8,7,row16834,1,1
3,2,row02107,1,1
10,9,row09216,1,1
7,8,row20967,-1,1
6,7,row19392,-1,1
1,0,row00564,1,1
12,11,row11839,1,1
8,7,row07402,1,1
6,7,row20433,-1,1
6,5,row15663,1,1
6,7,row19458,-1,1
11,12,row10164,-1,1
10,9,row09448,1,1
9,10,row18599,-1,1
6,5,row16339,1,1
8,7,row07060,1,1
6,5,row05391,1,1
7,6,row06070,1,1
8,9,row07522,-1,1
4,3,row02729,1,1
6,5,row16088,1,1
6,7,row19113,-1,1
4,5,row23204,-1,1
5,4,row04055,1,1
7,6,row06699,1,1
8,7,row14783,1,1
9,10,row18060,-1,1
6,5,row05992,1,1
9,10,row17979,-1,1
2,3,row01429,-1,1
3,2,row02028,1,1
6,5,row05975,1,1
12,11,row12095,1,1
9,8,row18497,1,1
5,6,row03417,-1,1
6,7,row19778,-1,1
6,5,row04713,1,1
8,7,row14124,1,1
6,5,row05270,1,1
6,7,row05834,-1,1
7,6,row12645,1,1
4,5,row23685,-1,1
2,3,row01062,-1,1
11,10,row10941,1,1
6,7,row15399,-1,1
6,7,row20171,-1,1
6,5,row05313,1,1
7,6,row06889,1,1
7,6,row22924,1,1
6,7,row19534,-1,1
6,7,row19479,-1,1
12,11,row12313,1,1
8,7,row07233,1,1
8,7,row14489,1,1
9,10,row08066,-1,1
6,5,row04541,1,1
7,6,row23155,1,1
7,8,row06947,-1,1
10,9,row09012,1,1
8,7,row17742,1,1
6,5,row19176,1,1
6,5,row15463,1,1
9,10,row18302,-1,1
8,7,row15181,1,1
7,6,row21139,1,1
6,7,row05804,-1,1
6,7,row18831,-1,1
5,4,row03698,1,1
7,6,row12626,1,1
8,9,row17090,-1,1
7,6,row12846,1,1
6,7,row20122,-1,1
6,7,row20329,-1,1
8,7,row17111,1,1
6,5,row05045,1,1
7,6,row12966,1,1
9,8,row18110,1,1
6,7,row19624,-1,1
8,7,row16867,1,1
8,7,row17004,1,1
7,6,row22215,1,1
7,6,row23146,1,1
7,8,row22859,-1,1
9,10,row18364,-1,1
6,5,row20031,1,1
3,2,row02039,1,1
7,8,row22540,-1,1
7,8,row22306,-1,1
6,7,row05821,-1,1
6,7,row15337,-1,1
8,7,row14873,1,1
4,5,row03081,-1,1
6,7,row04962,-1,1
9,8,row18618,1,1
4,5,row02860,-1,1
7,6,row22448,1,1
5,4,row13337,1,1
9,8,row08169,1,1
6,7,row16110,-1,1
6,5,row15793,1,1
6,5,row05537,1,1
8,7,row17147,1,1
6,7,row18850,-1,1
5,4,row03701,1,1
8,7,row07697,1,1
6,7,row19801,-1,1
9,10,row18509,-1,1
8,7,row07403,1,1
11,10,row09974,1,1
7,8,row20978,-1,1
8,9,row07379,-1,1
7,6,row21705,1,1
6,5,row05945,1,1
8,7,row14562,1,1
8,9,row13914,-1,1
3,2,row02406,1,1
7,8,row22661,-1,1
7,8,row21202,-1,1
10,9,row09219,1,1
9,8,row18316,1,1
7,6,row23169,1,1
7,6,row13020,1,1
6,7,row19528,-1,1
8,7,row14284,1,1
7,6,row20722,1,1
7,6,row22166,1,1
11,10,row10900,1,1
7,6,row06427,1,1
9,10,row18565,-1,1
7,6,row21633,1,1
6,7,row16237,-1,1
5,4,row04257,1,1
1,0,row00773,1,1
5,4,row03514,1,1
11,10,row09622,1,1
6,5,row16489,1,1
9,8,row08339,1,1
6,7,row16162,-1,1
6,7,row20244,-1,1
6,7,row05402,-1,1
6,7,row05970,-1,1
6,7,row05297,-1,1
6,7,row19454,-1,1
9,10,row08059,-1,1
6,7,row19399,-1,1
6,7,row18707,-1,1
8,7,row07245,1,1
6,7,row19081,-1,1
7,6,row06583,1,1
7,6,row06902,1,1
7,8,row21395,-1,1
6,7,row19117,-1,1
4,5,row02604,-1,1
7,6,row06443,1,1
6,7,row18768,-1,1
4,5,row23486,-1,1
9,10,row08209,-1,1
7,8,row06256,-1,1
7,8,row12589,-1,1
8,7,row16971,1,1
11,12,row09751,-1,1
5,4,row04337,1,1
4,5,row02731,-1,1
7,6,row06489,1,1
10,9,row09436,1,1
7,6,row22450,1,1
7,6,row12840,1,1
5,6,row04380,-1,1
6,7,row20113,-1,1
7,8,row06590,-1,1
6,7,row16226,-1,1
6,7,row16634,-1,1
6,5,row15631,1,1
8,7,row15023,1,1
6,7,row20090,-1,1
4,3,row03124,1,1
6,5,row20220,1,1
6,7,row15999,-1,1
8,7,row17643,1,1
8,7,row07438,1,1
4,3,row23315,1,1
4,5,row23213,-1,1
6,7,row15600,-1,1
7,6,row13017,1,1
11,10,row09691,1,1
9,10,row07850,-1,1
12,11,row11611,1,1
6,7,row15404,-1,1
6,7,row20159,-1,1
7,6,row22973,1,1
7,6,row21027,1,1
8,9,row07207,-1,1
3,4,row01903,-1,1
2,3,row01216,-1,1
6,5,row19602,1,1
8,7,row07643,1,1
8,7,row14259,1,1
6,7,row15275,-1,1
6,7,row19617,-1,1
4,5,row02868,-1,1
4,5,row02486,-1,1
6,7,row05822,-1,1
4,3,row02652,1,1
11,10,row09832,1,1
5,6,row13620,-1,1
6,7,row19930,-1,1
8,9,row14279,-1,1
6,5,row05034,1,1
7,6,row06339,1,1
7,6,row22898,1,1
4,3,row02834,1,1
4,3,row03014,1,1
8,7,row17187,1,1
8,7,row16715,1,1
6,7,row19879,-1,1
8,7,row17319,1,1
4,5,row23454,-1,1
5,4,row03910,1,1
6,7,row16633,-1,1
6,7,row19651,-1,1
6,7,row19809,-1,1
4,5,row02972,-1,1
5,4,row03618,1,1
6,7,row16205,-1,1
8,9,row07307,-1,1
6,5,row20486,1,1
6,5,row16586,1,1
6,7,row20309,-1,1
6,5,row16049,1,1
8,7,row07005,1,1
8,7,row17053,1,1
6,7,row18859,-1,1
6,7,row04928,-1,1
6,7,row19353,-1,1
10,9,row09292,1,1
5,4,row03921,1,1
5,4,row13521,1,1
6,5,row04697,1,1
4,3,row02585,1,1
6,5,row20491,1,1
7,8,row21287,-1,1
6,7,row18932,-1,1
7,8,row06661,-1,1
7,8,row06915,-1,1
6,5,row20166,1,1
9,8,row18201,1,1
6,7,row18820,-1,1
5,4,row03826,1,1
6,7,row05554,-1,1
10,9,row09159,1,1
5,6,row13180,-1,1
6,7,row19103,-1,1
7,8,row22250,-1,1
7,6,row12563,1,1
5,4,row03832,1,1
9,10,row08271,-1,1
7,6,row13012,1,1
9,10,row17966,-1,1
7,6,row12429,1,1
7,6,row12717,1,1
6,5,row20286,1,1
6,7,row19690,-1,1
7,6,row22016,1,1
7,8,row22697,-1,1
6,7,row19607,-1,1
8,7,row07705,1,1
7,6,row12871,1,1
8,7,row17422,1,1
6,7,row15284,-1,1
9,8,row18387,1,1
8,7,row07194,1,1
9,10,row07765,-1,1
7,6,row22328,1,1
7,8,row20596,-1,1
8,7,row14589,1,1
6,7,row18689,-1,1
10,9,row09535,1,1
8,7,row16824,1,1
7,6,row22807,1,1
6,7,row19869,-1,1
7,6,row06633,1,1
6,7,row05817,-1,1
9,10,row18540,-1,1
6,5,row05714,1,1
7,8,row21322,-1,1
9,8,row08268,1,1
7,8,row22004,-1,1
6,7,row15843,-1,1
7,8,row22234,-1,1
5,4,row13295,1,1
6,5,row04846,1,1
7,8,row21359,-1,1
6,5,row19592,1,1
7,6,row12615,1,1
4,5,row02851,-1,1
6,7,row20247,-1,1
8,7,row14410,1,1
9,10,row18550,-1,1
6,5,row15493,1,1
7,8,row21232,-1,1
8,7,row14137,1,1
3,2,row02012,1,1
8,7,row14143,1,1
8,9,row07667,-1,1
8,9,row07335,-1,1
7,8,row22597,-1,1
6,7,row05373,-1,1
6,7,row16608,-1,1
6,7,row19460,-1,1
6,7,row05557,-1,1
7,8,row21447,-1,1
9,10,row08378,-1,1
7,6,row06535,1,1
10,11,row08725,-1,1
10,9,row09561,1,1
8,7,row15173,1,1
5,6,row04209,-1,1
8,7,row07097,1,1
6,5,row16455,1,1
5,4,row04385,1,1
6,7,row20088,-1,1
7,6,row12669,1,1
6,5,row04896,1,1
5,4,row04175,1,1
7,8,row06099,-1,1
6,5,row16243,1,1
9,10,row18052,-1,1
2,3,row01609,-1,1
6,7,row19477,-1,1
6,7,row05372,-1,1
6,7,row19821,-1,1
6,7,row05886,-1,1
8,9,row07030,-1,1
6,7,row18777,-1,1
10,9,row08971,1,1
9,8,row08300,1,1
4,5,row23551,-1,1
4,3,row03259,1,1
4,5,row02905,-1,1
6,7,row20015,-1,1
8,7,row17373,1,1
8,7,row14274,1,1
9,8,row08395,1,1
9,10,row08113,-1,1
4,5,row03207,-1,1
6,5,row20267,1,1
2,1,row01100,1,1
8,7,row07530,1,1
2,3,row01472,-1,1
5,4,row03544,1,1
2,3,row01482,-1,1
7,6,row21048,1,1
6,5,row06055,1,1
6,5,row20186,1,1
7,8,row12804,-1,1
6,5,row04734,1,1
7,8,row22515,-1,1
7,8,row12737,-1,1
7,8,row20950,-1,1
11,10,row09906,1,1
9,10,row18267,-1,1
3,2,row02217,1,1
6,7,row16452,-1,1
9,10,row17993,-1,1
5,4,row04474,1,1
7,6,row21061,1,1
5,6,row04364,-1,1
9,10,row07800,-1,1
9,10,row18579,-1,1
7,6,row06652,1,1
5,4,row04384,1,1
7,6,row22345,1,1
4,3,row03337,1,1
7,6,row22503,1,1
4,3,row02713,1,1
5,4,row13483,1,1
4,5,row23666,-1,1
3,4,row02029,-1,1
7,8,row21171,-1,1
9,8,row08197,1,1
8,7,row16887,1,1
8,7,row17278,1,1
8,7,row14471,1,1
7,6,row06495,1,1
6,7,row05793,-1,1
8,7,row07014,1,1
4,3,row23360,1,1
6,5,row19295,1,1
6,7,row19403,-1,1
7,8,row22368,-1,1
5,6,row13741,-1,1
4,5,row02639,-1,1
7,6,row22683,1,1
6,5,row05393,1,1
6,7,row05900,-1,1
7,6,row06598,1,1
11,10,row10443,1,1
6,7,row16037,-1,1
6,7,row15471,-1,1
3,4,row01830,-1,1
6,7,row16255,-1,1
11,10,row10400,1,1
7,8,row22614,-1,1
6,7,row19434,-1,1
7,6,row06882,1,1
5,6,row13067,-1,1
5,6,row03408,-1,1
3,2,row02408,1,1
6,7,row19206,-1,1
8,7,row16841,1,1
6,7,row15757,-1,1
9,8,row08502,1,1
5,6,row13717,-1,1
5,6,row13690,-1,1
8,7,row16861,1,1
5,4,row03594,1,1
1,2,row00529,-1,1
6,5,row05471,1,1
6,5,row05467,1,1
9,10,row18526,-1,1
11,10,row09833,1,1
6,5,row04766,1,1
8,7,row14272,1,1
6,7,row05001,-1,1
7,6,row12855,1,1
3,2,row02330,1,1
7,8,row22656,-1,1
8,7,row16838,1,1
7,8,row21261,-1,1
7,6,row22956,1,1
5,6,row03554,-1,1
6,7,row05278,-1,1
6,5,row05535,1,1
6,5,row04604,1,1
6,5,row20221,1,1
7,6,row22412,1,1
7,8,row20782,-1,1
6,7,row05298,-1,1
3,2,row02242,1,1
7,8,row12695,-1,1
9,8,row08324,1,1
6,5,row05651,1,1
4,3,row02551,1,1
7,6,row22034,1,1
7,6,row06537,1,1
6,7,row05407,-1,1
5,6,row13669,-1,1
6,5,row20557,1,1
6,7,row19923,-1,1
6,7,row19357,-1,1
6,5,row15609,1,1
7,6,row12614,1,1
7,6,row06891,1,1
8,7,row17066,1,1
7,6,row12386,1,1
5,4,row13293,1,1
6,7,row19703,-1,1
7,8,row21375,-1,1
6,7,row05561,-1,1
4,5,row02828,-1,1
7,6,row22907,1,1
10,11,row08705,-1,1
6,7,row20076,-1,1
6,7,row15591,-1,1
7,8,row21345,-1,1
7,6,row22767,1,1
5,6,row13728,-1,1
7,8,row22534,-1,1
7,6,row23020,1,1
12,11,row11144,1,1
0,1,row00327,-1,1
7,6,row12609,1,1
6,7,row05241,-1,1
9,10,row07867,-1,1
6,5,row04840,1,1
6,5,row16613,1,1
8,9,row14975,-1,1
7,6,row23152,1,1
9,10,row07824,-1,1
6,7,row15861,-1,1
8,9,row17389,-1,1
7,8,row21348,-1,1
6,7,row19642,-1,1
4,3,row02985,1,1
8,9,row14922,-1,1
11,12,row10527,-1,1
5,4,row13291,1,1
6,7,row15866,-1,1
7,6,row23128,1,1
7,8,row20961,-1,1
2,3,row01310,-1,1
7,6,row06823,1,1
6,7,row04838,-1,1
7,8,row21438,-1,1
6,7,row18700,-1,1
8,7,row07332,1,1
9,10,row08143,-1,1
5,4,row13114,1,1
6,7,row05166,-1,1
8,9,row07222,-1,1
6,7,row19896,-1,1
6,7,row16405,-1,1
8,9,row14201,-1,1
4,3,row02574,1,1
8,7,row14068,1,1
10,9,row09071,1,1
7,6,row12411,1,1
9,8,row08155,1,1
7,8,row21742,-1,1
7,6,row12502,1,1
3,2,row02184,1,1
6,7,row16126,-1,1
9,10,row18141,-1,1
10,9,row09162,1,1
7,8,row21961,-1,1
5,4,row03822,1,1
10,9,row09533,1,1
8,9,row07671,-1,1
7,8,row06898,-1,1
6,5,row20020,1,1
11,10,row10394,1,1
6,7,row20302,-1,1
3,2,row01919,1,1
8,7,row07101,1,1
11,10,row09876,1,1
7,8,row12832,-1,1
9,10,row08309,-1,1
9,10,row18585,-1,1
7,8,row21151,-1,1
6,7,row18903,-1,1
9,8,row08185,1,1
7,6,row06765,1,1
6,7,row16215,-1,1
6,5,row20389,1,1
8,7,row07134,1,1
6,7,row16085,-1,1
8,7,row16797,1,1
8,7,row07110,1,1
6,7,row18754,-1,1
6,7,row05399,-1,1
8,7,row16856,1,1
9,8,row08390,1,1
8,9,row13934,-1,1
8,9,row14020,-1,1
8,7,row14555,1,1
6,7,row19731,-1,1
9,10,row18313,-1,1
6,7,row15543,-1,1
6,5,row05715,1,1
10,9,row08992,1,1
7,6,row12712,1,1
8,7,row17449,1,1
7,8,row20831,-1,1
3,2,row01962,1,1
7,8,row20602,-1,1
7,6,row12417,1,1
6,7,row05449,-1,1
7,6,row22303,1,1
6,7,row15341,-1,1
9,10,row18402,-1,1
10,9,row08697,1,1
5,6,row13611,-1,1
9,10,row08029,-1,1
10,9,row08998,1,1
5,4,row13482,1,1
8,7,row07304,1,1
8,7,row14262,1,1
1,0,row00693,1,1
7,6,row12902,1,1
6,5,row15662,1,1
6,7,row18800,-1,1
5,6,row13613,-1,1
7,6,row06753,1,1
6,5,row20038,1,1
3,4,row01932,-1,1
7,8,row21264,-1,1
10,9,row09373,1,1
7,8,row21205,-1,1
6,7,row05323,-1,1
6,5,row20327,1,1
8,9,row07209,-1,1
6,5,row05536,1,1
8,7,row07350,1,1
8,7,row14065,1,1
5,4,row03763,1,1
7,6,row23172,1,1
6,7,row15451,-1,1
6,5,row05470,1,1
7,8,row21292,-1,1
8,9,row14591,-1,1
6,5,row20482,1,1
6,7,row16244,-1,1
6,5,row06060,1,1
7,8,row06845,-1,1
6,7,row18868,-1,1
6,7,row05698,-1,1
8,7,row17275,1,1
1,2,row00672,-1,1
7,8,row21187,-1,1
7,6,row21792,1,1
6,7,row16212,-1,1
11,10,row10219,1,1
7,6,row12928,1,1
2,3,row00963,-1,1
8,9,row13819,-1,1
8,7,row17297,1,1
11,10,row10495,1,1
9,8,row18406,1,1
6,5,row05018,1,1
6,5,row20025,1,1
10,9,row09027,1,1
4,5,row03268,-1,1
6,7,row15322,-1,1
6,5,row05107,1,1
11,10,row10271,1,1
2,1,row01426,1,1
5,4,row03684,1,1
6,7,row05174,-1,1
7,6,row12418,1,1
8,7,row07531,1,1
6,5,row18938,1,1
8,7,row07192,1,1
6,5,row19505,1,1
6,7,row19218,-1,1
7,8,row21134,-1,1
5,6,row04353,-1,1
7,8,row12865,-1,1
8,7,row16968,1,1
10,11,row09251,-1,1
11,10,row09977,1,1
6,5,row15945,1,1
6,5,row15783,1,1
7,8,row22370,-1,1
7,6,row21965,1,1
8,7,row07660,1,1
6,7,row05700,-1,1
8,7,row07413,1,1
4,3,row02697,1,1
6,5,row18878,1,1
7,6,row12605,1,1
10,9,row09491,1,1
5,4,row04388,1,1
6,7,row19452,-1,1
11,10,row09942,1,1
6,5,row20004,1,1
9,8,row18587,1,1
8,9,row14620,-1,1
6,7,row19586,-1,1
7,8,row21177,-1,1
9,8,row18395,1,1
7,6,row21144,1,1
6,5,row05357,1,1
7,8,row21540,-1,1
9,8,row18277,1,1
7,6,row12447,1,1
6,7,row18682,-1,1
6,7,row19691,-1,1
5,4,row03720,1,1
5,4,row03757,1,1
8,7,row16817,1,1
6,7,row16183,-1,1
6,5,row04976,1,1
7,6,row21260,1,1
7,6,row06179,1,1
8,9,row16678,-1,1
5,4,row04390,1,1
7,6,row22375,1,1
11,10,row10930,1,1
6,5,row20050,1,1
6,7,row05786,-1,1
11,10,row10195,1,1
9,8,row18501,1,1
9,10,row08030,-1,1
3,2,row02058,1,1
8,7,row07642,1,1
7,6,row12622,1,1
7,6,row22247,1,1
9,8,row08441,1,1
5,4,row03791,1,1
7,8,row06629,-1,1
8,7,row17766,1,1
7,8,row21297,-1,1
8,9,row14200,-1,1
7,6,row23078,1,1
8,7,row17730,1,1
8,7,row14100,1,1
7,6,row12528,1,1
8,7,row07078,1,1
8,7,row14338,1,1
8,7,row16843,1,1
6,5,row16058,1,1
10,9,row09416,1,1
5,6,row13312,-1,1
5,4,row03754,1,1
7,8,row22013,-1,1
6,7,row20075,-1,1
5,4,row04098,1,1
6,7,row15740,-1,1
6,7,row16009,-1,1
5,6,row03480,-1,1
8,7,row16809,1,1
6,5,row20529,1,1
6,7,row04853,-1,1
10,11,row08976,-1,1
6,7,row16094,-1,1
7,8,row21391,-1,1
8,9,row13988,-1,1
8,7,row15020,1,1
7,6,row22674,1,1
6,7,row19070,-1,1
5,4,row13494,1,1
8,7,row14950,1,1
6,5,row20409,1,1
7,6,row06163,1,1
8,9,row14644,-1,1
4,5,row02541,-1,1
6,7,row19645,-1,1
7,8,row22395,-1,1
5,4,row13527,1,1
6,7,row19840,-1,1
6,5,row19297,1,1
9,8,row18506,1,1
8,7,row07503,1,1
5,6,row13742,-1,1
8,7,row14098,1,1
10,9,row09427,1,1
6,7,row20070,-1,1
5,4,row13762,1,1
6,7,row15371,-1,1
11,12,row10475,-1,1
6,7,row20061,-1,1
6,5,row20502,1,1
7,6,row21695,1,1
9,8,row08570,1,1
7,8,row21179,-1,1
6,5,row18854,1,1
7,8,row06940,-1,1
7,6,row22160,1,1
6,7,row16252,-1,1
6,5,row20323,1,1
8,7,row07507,1,1
6,5,row16420,1,1
8,7,row07137,1,1
5,4,row13351,1,1
8,9,row14612,-1,1
8,9,row17097,-1,1
9,10,row07927,-1,1
5,6,row13072,-1,1
7,6,row21098,1,1
0,1,row00043,-1,1
7,6,row12663,1,1
7,6,row13015,1,1
7,8,row22454,-1,1
6,7,row19398,-1,1
8,9,row14483,-1,1
6,5,row20542,1,1
6,5,row05122,1,1
6,7,row15313,-1,1
6,7,row15955,-1,1
7,8,row06700,-1,1
8,7,row17447,1,1
8,9,row14669,-1,1
6,7,row16254,-1,1
7,6,row21118,1,1
11,10,row09625,1,1
6,7,row18814,-1,1
4,5,row02627,-1,1
6,7,row20357,-1,1
11,10,row10312,1,1
10,11,row08791,-1,1
6,7,row20310,-1,1
10,9,row09020,1,1
1,0,row00812,1,1
6,5,row04947,1,1
6,5,row05680,1,1
6,7,row19405,-1,1
7,6,row12505,1,1
4,5,row23208,-1,1
5,4,row03653,1,1
5,4,row13146,1,1
6,7,row16193,-1,1
7,8,row21776,-1,1
8,7,row17327,1,1
7,8,row22782,-1,1
6,7,row15207,-1,1
6,7,row15255,-1,1
6,7,row04917,-1,1
6,5,row15462,1,1
7,8,row06950,-1,1
8,7,row15146,1,1
11,10,row09608,1,1
7,6,row22904,1,1
7,6,row22849,1,1
9,8,row18257,1,1
9,10,row08568,-1,1
5,4,row04221,1,1
9,10,row18483,-1,1
6,7,row15569,-1,1
8,7,row17403,1,1
7,8,row06124,-1,1
7,8,row21334,-1,1
6,7,row05256,-1,1
7,8,row22496,-1,1
6,7,row16032,-1,1
8,7,row14358,1,1
4,5,row03043,-1,1
4,3,row02960,1,1
4,3,row02693,1,1
2,3,row01341,-1,1
7,6,row22914,1,1
6,5,row05099,1,1
4,5,row02590,-1,1
10,9,row09463,1,1
7,6,row13016,1,1
8,7,row17434,1,1
3,2,row02040,1,1
8,7,row14770,1,1
6,5,row15876,1,1
6,7,row18720,-1,1
7,6,row12542,1,1
8,7,row13860,1,1
6,7,row16176,-1,1
5,4,row13418,1,1
7,8,row20644,-1,1
7,6,row22252,1,1
7,6,row12802,1,1
7,6,row12518,1,1
7,8,row12889,-1,1
6,5,row19229,1,1
7,6,row12568,1,1
6,7,row18727,-1,1
7,8,row22438,-1,1
11,10,row10808,1,1
10,9,row09174,1,1
6,5,row04803,1,1
6,7,row18684,-1,1
10,9,row09520,1,1
9,10,row17957,-1,1
8,7,row07380,1,1
8,7,row14490,1,1
5,6,row13084,-1,1
8,7,row16919,1,1
6,7,row20093,-1,1
4,5,row02559,-1,1
8,7,row16957,1,1
4,5,row23563,-1,1
7,6,row12592,1,1
6,5,row04876,1,1
5,6,row03613,-1,1
3,4,row01876,-1,1
10,9,row08961,1,1
6,7,row05358,-1,1
7,8,row21826,-1,1
7,8,row06621,-1,1
11,10,row10723,1,1
4,5,row02922,-1,1
6,7,row15236,-1,1
5,4,row13469,1,1
7,8,row22557,-1,1
10,9,row08914,1,1
6,7,row15305,-1,1
7,6,row21095,1,1
8,7,row16882,1,1
6,7,row05213,-1,1
7,6,row21721,1,1
7,8,row06809,-1,1
10,9,row09099,1,1
6,7,row05863,-1,1
9,8,row18349,1,1
5,4,row13390,1,1
4,5,row23375,-1,1
6,7,row16251,-1,1
6,7,row15705,-1,1
7,8,row06201,-1,1
10,9,row08768,1,1
6,7,row05389,-1,1
6,5,row20458,1,1
6,7,row19531,-1,1
6,7,row18770,-1,1
7,8,row21585,-1,1
6,5,row16011,1,1
3,2,row02101,1,1
6,5,row15858,1,1
9,10,row08077,-1,1
6,5,row20087,1,1
8,7,row15179,1,1
8,7,row06990,1,1
7,6,row23174,1,1
8,7,row07114,1,1
11,10,row09764,1,1
6,7,row15292,-1,1
9,10,row18418,-1,1
7,6,row21747,1,1
5,4,row13359,1,1
8,7,row15172,1,1
4,5,row02983,-1,1
7,6,row06168,1,1
6,7,row04576,-1,1
5,6,row13751,-1,1
6,7,row16548,-1,1
8,7,row17452,1,1
7,8,row21814,-1,1
10,9,row09379,1,1
9,8,row18212,1,1
8,9,row16659,-1,1
7,6,row13038,1,1
6,7,row05277,-1,1
7,8,row20962,-1,1
6,5,row06029,1,1
7,6,row21794,1,1
7,6,row06776,1,1
7,6,row22364,1,1
10,11,row08995,-1,1
4,5,row02886,-1,1
7,8,row21222,-1,1
6,5,row15423,1,1
4,3,row02752,1,1
6,7,row19463,-1,1
6,5,row06068,1,1
4,3,row23485,1,1
3,4,row01867,-1,1
6,7,row20573,-1,1
7,6,row22184,1,1
4,5,row03023,-1,1
10,11,row09182,-1,1
8,7,row17446,1,1
5,6,row13643,-1,1
6,5,row05912,1,1
8,9,row06976,-1,1
7,6,row06509,1,1
5,6,row04002,-1,1
8,7,row17001,1,1
1,0,row00574,1,1
10,9,row09422,1,1
6,5,row20160,1,1
9,10,row18603,-1,1
6,7,row04667,-1,1
4,5,row03224,-1,1
11,10,row09842,1,1
6,5,row04695,1,1
6,5,row18949,1,1
7,8,row22382,-1,1
8,7,row17106,1,1
2,3,row01306,-1,1
6,5,row20364,1,1
6,5,row20361,1,1
7,6,row23075,1,1
7,6,row06115,1,1
7,6,row22896,1,1
6,5,row15775,1,1
7,8,row21915,-1,1
7,6,row12558,1,1
9,10,row18237,-1,1
7,6,row12445,1,1
7,8,row06601,-1,1
6,7,row19720,-1,1
6,7,row15676,-1,1
7,6,row12410,1,1
4,3,row02615,1,1
6,7,row19332,-1,1
6,7,row16399,-1,1
3,4,row01863,-1,1
6,7,row15397,-1,1
7,6,row23005,1,1
9,10,row17976,-1,1
7,6,row21035,1,1
7,6,row23038,1,1
8,7,row17398,1,1
9,8,row18425,1,1
5,4,row04089,1,1
6,7,row19389,-1,1
6,7,row15614,-1,1
5,6,row13142,-1,1
7,6,row06724,1,1
6,5,row20535,1,1
4,3,row23535,1,1
6,7,row19443,-1,1
4,3,row02758,1,1
11,12,row10448,-1,1
7,6,row20926,1,1
4,5,row23182,-1,1
11,10,row10157,1,1
9,8,row18465,1,1
8,7,row14253,1,1
6,5,row15402,1,1
7,8,row12856,-1,1
8,9,row15038,-1,1
7,6,row06908,1,1
7,6,row12487,1,1
7,8,row22623,-1,1
8,7,row07286,1,1
7,6,row12818,1,1
6,7,row16547,-1,1
6,5,row04979,1,1
8,9,row07063,-1,1
6,5,row18959,1,1
8,7,row07258,1,1
5,6,row13073,-1,1
8,7,row07365,1,1
7,6,row21856,1,1
7,6,row12602,1,1
6,7,row15454,-1,1
8,9,row13793,-1,1
6,7,row15383,-1,1
5,4,row04219,1,1
9,10,row07922,-1,1
6,7,row16245,-1,1
8,7,row17250,1,1
8,9,row16909,-1,1
7,8,row22633,-1,1
6,5,row04823,1,1
6,5,row16090,1,1
7,6,row06596,1,1
6,5,row05924,1,1
8,7,row17270,1,1
7,6,row12905,1,1
7,6,row20634,1,1
9,8,row08232,1,1
7,8,row22666,-1,1
7,6,row21691,1,1
6,5,row04801,1,1
4,3,row02759,1,1
4,5,row02491,-1,1
10,9,row08746,1,1
6,5,row19056,1,1
4,5,row02532,-1,1
3,2,row02094,1,1
7,6,row06512,1,1
5,6,row13672,-1,1
9,10,row08039,-1,1
5,6,row04051,-1,1
6,7,row15856,-1,1
4,5,row23513,-1,1
11,10,row10832,1,1
6,7,row04665,-1,1
6,7,row20447,-1,1
5,4,row04114,1,1
5,4,row13446,1,1
6,7,row19951,-1,1
7,8,row21854,-1,1
5,4,row03610,1,1
11,10,row10794,1,1
4,5,row23224,-1,1
5,4,row13380,1,1
8,9,row13964,-1,1
7,6,row12514,1,1
11,10,row09879,1,1
5,4,row03484,1,1
8,7,row17206,1,1
8,7,row07088,1,1
7,8,row22714,-1,1
6,5,row04557,1,1
6,7,row16181,-1,1
6,7,row19052,-1,1
6,5,row19985,1,1
7,6,row12516,1,1
9,10,row18539,-1,1
5,6,row03973,-1,1
6,7,row05414,-1,1
3,4,row01825,-1,1
6,5,row19219,1,1
6,7,row05677,-1,1
5,4,row03716,1,1
5,6,row03831,-1,1
7,8,row21666,-1,1
6,5,row20514,1,1
7,6,row06826,1,1
9,10,row08327,-1,1
3,2,row01930,1,1
7,6,row12460,1,1
1,0,row00779,1,1
11,10,row10640,1,1
11,10,row10758,1,1
8,7,row16742,1,1
3,2,row01974,1,1
7,6,row22871,1,1
2,3,row00927,-1,1
4,5,row03003,-1,1
8,7,row17243,1,1
8,7,row07295,1,1
6,7,row16168,-1,1
7,6,row12688,1,1
5,4,row04288,1,1
7,6,row21764,1,1
7,6,row22441,1,1
7,6,row22902,1,1
9,8,row08207,1,1
6,7,row15386,-1,1
4,5,row23237,-1,1
6,7,row19397,-1,1
5,4,row03423,1,1
5,6,row03996,-1,1
9,10,row18403,-1,1
6,7,row05893,-1,1
6,5,row04960,1,1
7,8,row12864,-1,1
7,6,row12435,1,1
4,3,row02814,1,1
8,7,row16879,1,1
11,10,row10696,1,1
9,8,row18373,1,1
4,3,row03298,1,1
4,5,row02946,-1,1
6,5,row05676,1,1
10,9,row08906,1,1
7,8,row06829,-1,1
8,7,row16999,1,1
4,3,row02965,1,1
1,0,row00853,1,1
6,5,row20534,1,1
6,7,row18847,-1,1
4,3,row02763,1,1
6,5,row20342,1,1
10,9,row09513,1,1
6,5,row04890,1,1
8,7,row14400,1,1
7,8,row12434,-1,1
6,7,row04565,-1,1
5,4,row13196,1,1
6,7,row19696,-1,1
6,5,row19968,1,1
9,8,row07902,1,1
6,7,row05980,-1,1
4,5,row02613,-1,1
3,2,row01955,1,1
5,6,row04373,-1,1
6,7,row19377,-1,1
6,7,row16024,-1,1
7,6,row22465,1,1
6,5,row05052,1,1
6,7,row15588,-1,1
9,8,row18456,1,1
7,8,row21155,-1,1
9,8,row08393,1,1
6,5,row19271,1,1
8,7,row07408,1,1
7,6,row20655,1,1
7,6,row22463,1,1
7,6,row12653,1,1
6,7,row05855,-1,1
5,4,row13254,1,1
6,7,row18738,-1,1
10,11,row08722,-1,1
8,7,row17653,1,1
5,6,row13320,-1,1
5,4,row03790,1,1
8,9,row16694,-1,1
7,8,row22618,-1,1
6,7,row20569,-1,1
6,5,row04791,1,1
6,5,row15466,1,1
2,3,row01209,-1,1
8,7,row13919,1,1
6,5,row19876,1,1
8,7,row07274,1,1
7,6,row06793,1,1
7,6,row20971,1,1
6,5,row04977,1,1
8,9,row14196,-1,1
8,7,row14688,1,1
7,8,row22526,-1,1
6,5,row20241,1,1
7,8,row22217,-1,1
3,2,row02464,1,1
8,7,row07308,1,1
5,4,row13541,1,1
6,5,row16386,1,1
7,6,row12934,1,1
5,4,row13287,1,1
6,7,row15848,-1,1
10,9,row09402,1,1
7,8,row22501,-1,1
6,5,row05913,1,1
10,9,row08910,1,1
5,4,row13340,1,1
8,7,row17310,1,1
8,7,row07180,1,1
7,6,row20770,1,1
8,7,row17008,1,1
6,5,row16330,1,1
6,7,row19455,-1,1
6,7,row16261,-1,1
7,8,row22340,-1,1
7,6,row12912,1,1
7,6,row12582,1,1
6,7,row19649,-1,1
8,9,row07654,-1,1
6,5,row04882,1,1
6,5,row05179,1,1
10,11,row08767,-1,1
4,3,row02764,1,1
6,5,row05062,1,1
7,6,row12625,1,1
9,10,row18352,-1,1
9,10,row08492,-1,1
4,3,row23628,1,1
7,6,row12983,1,1
8,7,row14576,1,1
6,7,row19362,-1,1
8,7,row14434,1,1
6,5,row05243,1,1
7,8,row06082,-1,1
7,8,row21875,-1,1
6,5,row20403,1,1
8,7,row17804,1,1
4,5,row02887,-1,1
8,7,row15011,1,1
9,8,row18374,1,1
4,5,row23225,-1,1
7,6,row22919,1,1
6,5,row18783,1,1
6,7,row05777,-1,1
6,7,row15895,-1,1
8,7,row16876,1,1
7,6,row06883,1,1
6,7,row05600,-1,1
6,7,row16067,-1,1
7,8,row22628,-1,1
8,7,row07463,1,1
8,7,row14599,1,1
4,3,row02823,1,1
6,5,row04670,1,1
7,6,row21166,1,1
10,9,row08865,1,1
7,8,row06072,-1,1
5,6,row13588,-1,1
6,7,row18743,-1,1
9,8,row07965,1,1
6,7,row18848,-1,1
6,7,row19733,-1,1
8,7,row14920,1,1
4,5,row02892,-1,1
8,7,row17246,1,1
7,8,row21280,-1,1
8,7,row16820,1,1
11,10,row10117,1,1
2,3,row01762,-1,1
5,6,row13060,-1,1
6,5,row19268,1,1
7,6,row23136,1,1
5,4,row13211,1,1
5,6,row03438,-1,1
6,7,row16580,-1,1
10,11,row09067,-1,1
7,6,row12980,1,1
4,5,row02910,-1,1
8,7,row07288,1,1
7,6,row12416,1,1
7,8,row22676,-1,1
10,9,row09072,1,1
5,4,row03782,1,1
3,4,row02460,-1,1
7,6,row06749,1,1
9,10,row08020,-1,1
6,7,row15199,-1,1
7,8,row22347,-1,1
8,9,row07617,-1,1
7,6,row06315,1,1
5,4,row13423,1,1
6,7,row18809,-1,1
7,6,row21597,1,1
4,3,row03352,1,1
7,8,row12859,-1,1
3,4,row02350,-1,1
6,7,row19438,-1,1
8,7,row13943,1,1
5,4,row03842,1,1
6,5,row19999,1,1
6,5,row20057,1,1
6,5,row15428,1,1
6,5,row19242,1,1
7,8,row21904,-1,1
8,7,row14360,1,1
9,10,row17891,-1,1
7,8,row21516,-1,1
6,5,row19982,1,1
8,7,row07644,1,1
6,7,row05253,-1,1
7,6,row12748,1,1
6,5,row04993,1,1
4,3,row03016,1,1
8,9,row17078,-1,1
6,7,row20071,-1,1
11,12,row09585,-1,1
7,8,row21148,-1,1
6,5,row04606,1,1
5,4,row03824,1,1
3,2,row02453,1,1
6,5,row20266,1,1
11,10,row09883,1,1
10,11,row08749,-1,1
7,6,row21786,1,1
6,5,row05100,1,1
6,7,row05327,-1,1
9,10,row17989,-1,1
8,7,row07140,1,1
4,3,row03390,1,1
6,5,row16075,1,1
5,6,row13580,-1,1
5,4,row13242,1,1
2,3,row01116,-1,1
7,8,row12749,-1,1
9,8,row08414,1,1
6,5,row20024,1,1
6,7,row18760,-1,1
4,5,row02517,-1,1
7,6,row20850,1,1
3,2,row02185,1,1
11,10,row09755,1,1
6,5,row20516,1,1
6,7,row19673,-1,1
5,4,row03550,1,1
8,9,row14018,-1,1
7,6,row22125,1,1
5,4,row03464,1,1
6,5,row15334,1,1
2,1,row01430,1,1
8,7,row07596,1,1
6,5,row05657,1,1
8,7,row15131,1,1
1,0,row00619,1,1
7,6,row06128,1,1
11,10,row09602,1,1
9,8,row18486,1,1
7,8,row06269,-1,1
10,9,row09242,1,1
7,6,row20731,1,1
5,4,row13145,1,1
7,8,row20695,-1,1
7,8,row21341,-1,1
7,8,row21377,-1,1
8,7,row07470,1,1
7,6,row12660,1,1
10,9,row09245,1,1
7,6,row20941,1,1
8,7,row17741,1,1
6,7,row19008,-1,1
3,2,row02141,1,1
7,6,row06906,1,1
4,5,row02917,-1,1
8,7,row07687,1,1
6,7,row16479,-1,1
6,7,row20082,-1,1
4,5,row02876,-1,1
3,2,row02177,1,1
8,7,row14913,1,1
7,6,row20938,1,1
3,2,row02411,1,1
8,7,row14373,1,1
6,7,row19120,-1,1
6,7,row19650,-1,1
7,6,row06742,1,1
8,7,row07418,1,1
7,6,row23081,1,1
10,9,row09190,1,1
4,5,row02556,-1,1
6,5,row20019,1,1
5,4,row03507,1,1
4,3,row02582,1,1
7,6,row21058,1,1
5,4,row03486,1,1
4,5,row03071,-1,1
5,4,row04450,1,1
8,7,row17308,1,1
4,5,row23608,-1,1
6,5,row05878,1,1
6,7,row16316,-1,1
6,7,row05180,-1,1
8,9,row14172,-1,1
6,7,row19948,-1,1
7,6,row06923,1,1
6,7,row05284,-1,1
6,5,row15777,1,1
6,7,row05831,-1,1
6,7,row16154,-1,1
2,3,row01120,-1,1
3,2,row01802,1,1
6,5,row18830,1,1
9,10,row08122,-1,1
7,6,row22374,1,1
8,7,row07067,1,1
6,7,row15219,-1,1
6,7,row05487,-1,1
5,4,row13266,1,1
7,8,row12805,-1,1
7,6,row12799,1,1
4,5,row23214,-1,1
10,9,row09567,1,1
7,8,row22471,-1,1
6,5,row15531,1,1
9,10,row18030,-1,1
10,9,row09577,1,1
9,8,row08146,1,1
11,10,row10337,1,1
6,5,row04570,1,1
10,11,row08934,-1,1
7,6,row21605,1,1
8,7,row17158,1,1
6,7,row15741,-1,1
9,10,row17875,-1,1
8,7,row16862,1,1
9,8,row18634,1,1
6,5,row19294,1,1
8,7,row16900,1,1
6,5,row06009,1,1
4,5,row02962,-1,1
8,7,row17437,1,1
7,8,row22028,-1,1
6,7,row04810,-1,1
7,8,row21296,-1,1
6,7,row15376,-1,1
6,7,row05509,-1,1
6,7,row16042,-1,1
6,5,row15537,1,1
7,8,row21231,-1,1
8,9,row14220,-1,1
9,10,row18505,-1,1
8,7,row14797,1,1
6,5,row20488,1,1
6,5,row04638,1,1
6,7,row19447,-1,1
6,7,row05007,-1,1
6,7,row19842,-1,1
8,7,row17282,1,1
6,7,row19861,-1,1
7,6,row22853,1,1
6,5,row05747,1,1
8,7,row16801,1,1
6,5,row05123,1,1
7,6,row20790,1,1
6,5,row20528,1,1
8,7,row17201,1,1
7,8,row20783,-1,1
6,7,row16171,-1,1
5,4,row13204,1,1
6,7,row19626,-1,1
3,2,row02246,1,1
5,4,row13333,1,1
4,3,row02974,1,1
6,5,row05476,1,1
8,7,row07673,1,1
5,6,row03833,-1,1
5,4,row03622,1,1
6,5,row04780,1,1
9,10,row18210,-1,1
6,7,row05888,-1,1
8,7,row14340,1,1
7,6,row06643,1,1
7,6,row21492,1,1
7,8,row22989,-1,1
9,10,row08318,-1,1
6,5,row20450,1,1
5,6,row04456,-1,1
6,5,row05642,1,1
9,10,row08181,-1,1
6,5,row04800,1,1
7,8,row21209,-1,1
6,5,row19003,1,1
10,9,row08734,1,1
2,1,row01122,1,1
8,9,row13987,-1,1
8,7,row17294,1,1
6,7,row04511,-1,1
7,8,row21979,-1,1
6,7,row19518,-1,1
6,7,row05792,-1,1
7,6,row06574,1,1
5,6,row13066,-1,1
7,8,row21621,-1,1
6,5,row19296,1,1
7,6,row06534,1,1
10,9,row09040,1,1
6,5,row05919,1,1
2,1,row01252,1,1
7,8,row12870,-1,1
9,8,row08446,1,1
7,8,row22936,-1,1
12,11,row11900,1,1
6,7,row16575,-1,1
5,4,row03606,1,1
9,10,row17905,-1,1
3,4,row01890,-1,1
6,7,row16236,-1,1
6,7,row15468,-1,1
8,7,row07345,1,1
7,8,row20948,-1,1
3,2,row02410,1,1
3,4,row01872,-1,1
10,9,row09496,1,1
7,6,row21843,1,1
6,5,row05121,1,1
7,8,row06679,-1,1
10,11,row09425,-1,1
3,2,row01956,1,1
7,6,row06791,1,1
5,6,row03985,-1,1
7,8,row22157,-1,1
5,4,row13150,1,1
8,7,row16680,1,1
8,7,row14051,1,1
6,7,row15877,-1,1
7,8,row21233,-1,1
7,6,row20851,1,1
10,9,row09482,1,1
8,7,row07703,1,1
7,8,row12875,-1,1
10,9,row09246,1,1
7,6,row21861,1,1
7,8,row06612,-1,1
7,8,row22589,-1,1
6,7,row19066,-1,1
4,5,row02847,-1,1
6,5,row04671,1,1
8,9,row14782,-1,1
8,7,row17273,1,1
6,5,row19329,1,1
4,5,row23219,-1,1
6,5,row20373,1,1
6,7,row19346,-1,1
6,7,row19105,-1,1
7,8,row12815,-1,1
3,2,row02112,1,1
7,6,row22779,1,1
6,7,row15478,-1,1
8,9,row13978,-1,1
8,7,row17281,1,1
7,8,row21207,-1,1
6,5,row04699,1,1
7,6,row21096,1,1
9,10,row17811,-1,1
4,5,row03132,-1,1
8,7,row16866,1,1
7,8,row06415,-1,1
6,5,row20189,1,1
2,3,row00984,-1,1
5,6,row13714,-1,1
2,3,row01098,-1,1
6,7,row18858,-1,1
9,10,row07992,-1,1
6,7,row18658,-1,1
5,4,row03872,1,1
8,7,row14584,1,1
6,5,row15809,1,1
4,3,row23620,1,1
8,9,row17198,-1,1
7,8,row21295,-1,1
7,8,row06665,-1,1
8,7,row14881,1,1
7,8,row22545,-1,1
8,9,row07300,-1,1
10,9,row09559,1,1
7,6,row06803,1,1
7,6,row22262,1,1
6,7,row16500,-1,1
5,4,row04101,1,1
7,6,row20998,1,1
5,6,row13388,-1,1
7,8,row12964,-1,1
11,10,row10563,1,1
7,6,row12595,1,1
6,7,row19023,-1,1
3,4,row02465,-1,1
8,7,row17324,1,1
5,6,row13137,-1,1
7,8,row22363,-1,1
6,5,row20027,1,1
6,7,row20297,-1,1
8,7,row16940,1,1
9,10,row18140,-1,1
7,6,row12662,1,1
8,7,row17301,1,1
7,6,row20697,1,1
7,8,row21156,-1,1
9,10,row17860,-1,1
1,0,row00913,1,1
10,11,row09133,-1,1
5,4,row03644,1,1
6,7,row15453,-1,1
9,10,row07897,-1,1
11,10,row09836,1,1
3,2,row02047,1,1
7,8,row12490,-1,1
8,9,row14197,-1,1
6,7,row05918,-1,1
4,3,row03112,1,1
6,5,row20135,1,1
8,7,row14402,1,1
6,7,row15366,-1,1
7,6,row22432,1,1
5,4,row13534,1,1
7,8,row06113,-1,1
8,7,row17220,1,1
7,8,row21551,-1,1
8,7,row17781,1,1
7,8,row21486,-1,1
7,6,row12682,1,1
7,8,row22758,-1,1
6,7,row05966,-1,1
6,5,row18994,1,1
12,11,row11804,1,1
6,7,row15510,-1,1
8,7,row13873,1,1
5,6,row13665,-1,1
6,7,row19388,-1,1
7,6,row23036,1,1
6,5,row15490,1,1
9,8,row08405,1,1
10,9,row08927,1,1
7,6,row22001,1,1
7,6,row22811,1,1
8,7,row14039,1,1
8,7,row07008,1,1
7,8,row22994,-1,1
6,7,row15564,-1,1
9,10,row08172,-1,1
8,9,row06966,-1,1
6,7,row05864,-1,1
9,8,row18476,1,1
5,4,row04449,1,1
8,7,row14156,1,1
8,7,row14974,1,1
8,7,row16985,1,1
5,4,row13334,1,1
6,7,row19201,-1,1
5,4,row03583,1,1
5,6,row13550,-1,1
7,6,row06858,1,1
7,8,row21106,-1,1
9,8,row08392,1,1
7,6,row21986,1,1
8,7,row17265,1,1
8,7,row16979,1,1
7,6,row23007,1,1
8,7,row07353,1,1
7,6,row06503,1,1
7,8,row21508,-1,1
7,6,row22927,1,1
6,7,row16047,-1,1
5,6,row03436,-1,1
7,8,row20839,-1,1
6,7,row05205,-1,1
8,9,row13787,-1,1
2,3,row01537,-1,1
4,5,row23326,-1,1
8,7,row13985,1,1
6,7,row16052,-1,1
5,6,row03491,-1,1
11,10,row09947,1,1
7,8,row12828,-1,1
7,8,row22117,-1,1
4,5,row23196,-1,1
8,7,row07601,1,1
6,7,row15388,-1,1
10,11,row09057,-1,1
6,7,row20078,-1,1
4,5,row23207,-1,1
7,8,row21573,-1,1
6,7,row20114,-1,1
9,10,row08555,-1,1
8,9,row13811,-1,1
8,9,row13946,-1,1
7,6,row21675,1,1
4,5,row02926,-1,1
12,11,row11139,1,1
4,5,row02756,-1,1
7,8,row22078,-1,1
5,4,row04318,1,1
5,6,row03443,-1,1
6,7,row05262,-1,1
7,8,row21770,-1,1
7,8,row21763,-1,1
5,6,row13724,-1,1
6,5,row04971,1,1
8,9,row16717,-1,1
11,10,row09878,1,1
4,5,row23261,-1,1
7,8,row21561,-1,1
10,9,row09571,1,1
4,5,row23189,-1,1
6,7,row15266,-1,1
9,10,row08532,-1,1
7,8,row21325,-1,1
9,8,row18286,1,1
7,8,row22646,-1,1
5,6,row13676,-1,1
6,7,row04925,-1,1
8,7,row15194,1,1
8,9,row07038,-1,1
6,5,row19988,1,1
9,10,row08134,-1,1
6,5,row19172,1,1
6,5,row04847,1,1
9,10,row18571,-1,1
7,8,row21753,-1,1
4,3,row23688,1,1
7,6,row23087,1,1
5,6,row13755,-1,1
6,5,row15407,1,1
6,7,row19917,-1,1
3,2,row02430,1,1
7,6,row13011,1,1
6,7,row15539,-1,1
7,6,row22717,1,1
5,6,row04368,-1,1
4,5,row03183,-1,1
8,7,row07193,1,1
7,6,row22150,1,1
9,10,row18138,-1,1
8,7,row07391,1,1
6,7,row05876,-1,1
6,7,row19823,-1,1
6,7,row19711,-1,1
5,4,row03566,1,1
6,7,row19217,-1,1
8,7,row14283,1,1
8,7,row16922,1,1
5,4,row13309,1,1
4,5,row02505,-1,1
7,6,row06185,1,1
7,6,row12763,1,1
4,5,row02579,-1,1
8,7,row07250,1,1
3,4,row01944,-1,1
7,8,row06933,-1,1
8,7,row16806,1,1
8,7,row14987,1,1
6,7,row16231,-1,1
6,5,row19772,1,1
3,2,row02037,1,1
7,8,row21350,-1,1
4,5,row02599,-1,1
9,8,row18489,1,1
6,7,row19831,-1,1
5,4,row03766,1,1
8,7,row17241,1,1
6,5,row20549,1,1
6,7,row19616,-1,1
7,6,row12798,1,1
7,6,row12486,1,1
7,6,row21690,1,1
9,8,row18336,1,1
4,5,row03238,-1,1
8,7,row14362,1,1
4,5,row23508,-1,1
8,7,row14054,1,1
5,4,row13408,1,1
6,7,row04863,-1,1
6,7,row04898,-1,1
7,6,row06784,1,1
6,5,row05318,1,1
8,7,row17033,1,1
7,6,row12974,1,1
6,7,row15953,-1,1
4,5,row03141,-1,1
8,9,row14595,-1,1
9,10,row08559,-1,1
8,7,row14805,1,1
6,7,row15596,-1,1
4,5,row03391,-1,1
11,10,row09729,1,1
7,8,row06656,-1,1
6,5,row16433,1,1
7,8,row21425,-1,1
8,7,row17442,1,1
3,4,row02471,-1,1
6,7,row16635,-1,1
5,4,row03865,1,1
8,7,row17237,1,1
10,9,row09017,1,1
7,6,row21809,1,1
9,8,row07953,1,1
7,8,row06150,-1,1
7,8,row22986,-1,1
9,10,row18642,-1,1
6,5,row04556,1,1
6,5,row19980,1,1
5,6,row13671,-1,1
6,7,row04520,-1,1
7,6,row21749,1,1
5,4,row03699,1,1
5,4,row03490,1,1
6,7,row20029,-1,1
6,5,row05820,1,1
6,5,row04797,1,1
6,7,row20097,-1,1
11,10,row10091,1,1
9,10,row17859,-1,1
9,10,row07730,-1,1
4,3,row23728,1,1
7,6,row21113,1,1
6,5,row15786,1,1
6,5,row19580,1,1
6,5,row19359,1,1
7,8,row21195,-1,1
3,2,row01847,1,1
4,5,row02821,-1,1
6,5,row18778,1,1
8,7,row16902,1,1
9,8,row08493,1,1
7,8,row20760,-1,1
5,6,row13170,-1,1
4,3,row03233,1,1
6,7,row19363,-1,1
3,2,row02281,1,1
6,5,row05124,1,1
6,5,row15784,1,1
6,5,row20476,1,1
7,6,row12809,1,1
7,8,row22156,-1,1
7,6,row20945,1,1
6,5,row20500,1,1
7,8,row22100,-1,1
7,8,row22058,-1,1
10,9,row09357,1,1
8,7,row14869,1,1
6,7,row16113,-1,1
8,7,row13899,1,1
11,10,row10367,1,1
8,7,row14294,1,1
5,4,row03860,1,1
6,5,row20392,1,1
6,7,row19240,-1,1
8,7,row16805,1,1
7,6,row12466,1,1
8,7,row14165,1,1
8,9,row16647,-1,1
7,6,row21727,1,1
6,5,row20033,1,1
5,4,row03537,1,1
6,5,row16100,1,1
10,9,row09387,1,1
4,3,row02663,1,1
7,8,row12760,-1,1
7,6,row06576,1,1
6,7,row15259,-1,1
7,6,row23017,1,1
8,7,row14353,1,1
8,7,row14622,1,1
11,10,row10192,1,1
7,6,row21131,1,1
6,7,row16460,-1,1
6,7,row16130,-1,1
8,7,row14765,1,1
9,10,row08658,-1,1
6,5,row19995,1,1
3,4,row01831,-1,1
7,6,row12543,1,1
3,2,row02167,1,1
6,5,row04811,1,1
6,5,row20563,1,1
6,5,row05631,1,1
8,7,row14060,1,1
5,4,row13355,1,1
6,5,row16318,1,1
8,9,row07210,-1,1
6,7,row18833,-1,1
6,7,row15369,-1,1
5,6,row04161,-1,1
7,6,row12500,1,1
6,7,row16557,-1,1
7,6,row12554,1,1
6,7,row18664,-1,1
5,6,row03995,-1,1
9,10,row08028,-1,1
6,5,row20497,1,1
6,5,row19579,1,1
4,3,row23649,1,1
9,8,row08623,1,1
8,7,row17431,1,1
6,5,row20470,1,1
5,6,row13633,-1,1
6,7,row04924,-1,1
6,5,row19468,1,1
8,7,row07105,1,1
6,5,row05058,1,1
10,9,row09312,1,1
6,7,row05377,-1,1
6,7,row16577,-1,1
7,6,row23019,1,1
5,4,row13106,1,1
6,7,row20368,-1,1
4,3,row03169,1,1
6,7,row18694,-1,1
5,4,row03819,1,1
4,3,row03368,1,1
7,8,row21369,-1,1
7,8,row12958,-1,1
11,10,row10974,1,1
4,3,row02846,1,1
2,3,row01410,-1,1
11,10,row09657,1,1
7,8,row06927,-1,1
8,7,row14164,1,1
11,10,row10365,1,1
7,8,row22470,-1,1
4,5,row03220,-1,1
6,5,row05521,1,1
6,5,row19933,1,1
10,9,row09541,1,1
6,7,row19072,-1,1
5,4,row13086,1,1
4,5,row03057,-1,1
6,7,row04939,-1,1
6,5,row04955,1,1
6,5,row04659,1,1
6,5,row19537,1,1
6,7,row18724,-1,1
11,10,row09700,1,1
7,6,row12482,1,1
11,10,row10103,1,1
6,7,row19811,-1,1
10,9,row09409,1,1
8,7,row07076,1,1
8,7,row14953,1,1
5,6,row13568,-1,1
7,8,row21160,-1,1
7,8,row21590,-1,1
7,6,row21759,1,1
1,0,row00747,1,1
7,6,row12488,1,1
6,5,row19939,1,1
5,6,row03406,-1,1
10,9,row09120,1,1
10,9,row09484,1,1
9,8,row08463,1,1
8,7,row16808,1,1
7,6,row12973,1,1
6,7,row16043,-1,1
7,6,row06097,1,1
5,6,row04420,-1,1
6,7,row18825,-1,1
5,4,row13484,1,1
5,6,row03422,-1,1
6,7,row19539,-1,1
6,5,row20338,1,1
8,7,row15165,1,1
7,6,row12810,1,1
5,4,row13251,1,1
6,7,row15430,-1,1
4,3,row03388,1,1
5,4,row03752,1,1
7,6,row21708,1,1
6,7,row16001,-1,1
7,6,row12917,1,1
7,6,row12562,1,1
5,4,row03797,1,1
7,8,row12852,-1,1
5,4,row03930,1,1
8,7,row14161,1,1
8,9,row13935,-1,1
3,2,row02468,1,1
0,1,row00416,-1,1
7,8,row21190,-1,1
7,6,row23055,1,1
7,6,row21116,1,1
6,7,row19514,-1,1
7,8,row22369,-1,1
9,8,row07997,1,1
7,6,row06827,1,1
7,8,row22358,-1,1
6,7,row16294,-1,1
7,6,row12892,1,1
6,5,row20230,1,1
3,2,row02366,1,1
3,4,row01862,-1,1
7,8,row22350,-1,1
7,8,row12413,-1,1
11,10,row09618,1,1
7,6,row12691,1,1
5,6,row04203,-1,1
4,5,row23566,-1,1
5,4,row03641,1,1
6,7,row19962,-1,1
6,5,row19915,1,1
5,6,row04186,-1,1
6,5,row16428,1,1
6,5,row19565,1,1
9,8,row08478,1,1
6,5,row20192,1,1
8,7,row17226,1,1
7,8,row12523,-1,1
8,7,row16926,1,1
4,3,row03165,1,1
11,10,row09995,1,1
4,5,row23487,-1,1
8,7,row07149,1,1
6,5,row04525,1,1
9,10,row17977,-1,1
6,7,row19825,-1,1
7,6,row20725,1,1
6,7,row05440,-1,1
6,7,row05598,-1,1
2,1,row01125,1,1
7,6,row23100,1,1
5,4,row13508,1,1
9,10,row18006,-1,1
4,5,row03296,-1,1
8,7,row14080,1,1
8,7,row15174,1,1
10,11,row08745,-1,1
9,10,row08379,-1,1
6,7,row05556,-1,1
4,3,row03297,1,1
5,6,row13212,-1,1
6,7,row18739,-1,1
8,7,row16749,1,1
7,6,row21496,1,1
4,5,row23542,-1,1
6,7,row18716,-1,1
6,5,row18997,1,1
4,5,row03152,-1,1
5,4,row04300,1,1
8,7,row17052,1,1
1,0,row00705,1,1
6,7,row16246,-1,1
7,6,row12674,1,1
7,6,row22049,1,1
6,5,row16023,1,1
6,5,row05489,1,1
8,7,row15161,1,1
5,4,row03700,1,1
8,7,row17332,1,1
10,9,row09565,1,1
7,6,row12613,1,1
7,6,row06653,1,1
11,10,row09706,1,1
8,9,row07672,-1,1
4,3,row02707,1,1
7,8,row21272,-1,1
11,10,row10935,1,1
7,8,row21167,-1,1
8,7,row14298,1,1
7,8,row21259,-1,1
5,4,row03615,1,1
7,6,row21955,1,1
4,5,row23246,-1,1
2,3,row01093,-1,1
6,5,row04770,1,1
6,7,row15865,-1,1
6,5,row06005,1,1
9,10,row17985,-1,1
4,5,row02535,-1,1
3,2,row02053,1,1
8,9,row07631,-1,1
6,5,row20352,1,1
7,6,row06935,1,1
5,4,row04260,1,1
4,3,row02712,1,1
7,6,row06132,1,1
8,7,row14728,1,1
7,6,row20761,1,1
7,6,row21623,1,1
8,9,row14278,-1,1
5,4,row03883,1,1
6,7,row19465,-1,1
9,10,row18337,-1,1
6,7,row20455,-1,1
11,12,row10554,-1,1
6,5,row05639,1,1
9,10,row08608,-1,1
7,8,row20579,-1,1
5,6,row13668,-1,1
7,8,row22367,-1,1
9,10,row08641,-1,1
7,6,row22790,1,1
4,5,row02531,-1,1
3,4,row02479,-1,1
7,8,row21263,-1,1
7,6,row20837,1,1
7,6,row13028,1,1
4,3,row03017,1,1
7,6,row23008,1,1
8,7,row07395,1,1
6,5,row15390,1,1
7,8,row21337,-1,1
8,7,row16978,1,1
4,5,row23552,-1,1
7,6,row22020,1,1
9,8,row18401,1,1
5,6,row03785,-1,1
6,7,row19663,-1,1
6,7,row19817,-1,1
5,4,row03895,1,1
7,6,row12932,1,1
3,2,row02043,1,1
4,5,row02757,-1,1
7,6,row22310,1,1
8,7,row16878,1,1
4,5,row02502,-1,1
9,10,row08045,-1,1
9,10,row18371,-1,1
7,6,row22209,1,1
6,7,row20063,-1,1
6,7,row16488,-1,1
7,6,row06417,1,1
9,8,row17965,1,1
6,5,row05671,1,1
10,9,row09522,1,1
5,4,row04097,1,1
7,8,row12727,-1,1
6,7,row15327,-1,1
9,10,row18637,-1,1
8,7,row17719,1,1
9,10,row17843,-1,1
6,5,row19615,1,1
7,6,row13001,1,1
10,11,row09137,-1,1
7,6,row21838,1,1
6,5,row20405,1,1
6,5,row20207,1,1
6,7,row16588,-1,1
10,9,row09003,1,1
9,8,row08236,1,1
7,8,row06530,-1,1
4,5,row02914,-1,1
8,7,row17026,1,1
6,7,row16612,-1,1
6,7,row20046,-1,1
7,6,row22251,1,1
7,8,row21940,-1,1
9,8,row18508,1,1
8,7,row07108,1,1
4,5,row02546,-1,1
7,6,row06802,1,1
4,3,row02833,1,1
7,6,row12883,1,1
7,6,row06824,1,1
6,7,row16418,-1,1
6,5,row20469,1,1
8,7,row14794,1,1
7,6,row12432,1,1
6,5,row20280,1,1
7,6,row12579,1,1
8,7,row07157,1,1
10,9,row09539,1,1
5,4,row03885,1,1
5,4,row03670,1,1
8,7,row16871,1,1
5,6,row13630,-1,1
8,7,row16997,1,1
7,8,row06139,-1,1
5,4,row03888,1,1
6,7,row15439,-1,1
6,7,row19444,-1,1
9,8,row08388,1,1
4,3,row02921,1,1
7,6,row22091,1,1
9,10,row08196,-1,1
3,4,row01810,-1,1
8,7,row14361,1,1
7,6,row12569,1,1
6,7,row16235,-1,1
6,7,row19442,-1,1
6,7,row04684,-1,1
11,10,row09626,1,1
4,3,row03168,1,1
6,7,row19950,-1,1
6,7,row19551,-1,1
8,7,row17046,1,1
4,5,row03145,-1,1
6,5,row16442,1,1
4,5,row23342,-1,1
7,6,row21610,1,1
6,5,row19068,1,1
7,8,row22131,-1,1
5,4,row03849,1,1
7,8,row06101,-1,1
6,5,row05869,1,1
9,10,row08644,-1,1
6,5,row15721,1,1
4,3,row02919,1,1
9,10,row17841,-1,1
7,8,row22817,-1,1
5,4,row03909,1,1
7,6,row12829,1,1
4,5,row03061,-1,1
7,8,row21398,-1,1
7,8,row06622,-1,1
7,6,row06240,1,1
7,6,row06894,1,1
9,10,row18249,-1,1
7,6,row06674,1,1
7,6,row12986,1,1
3,2,row02226,1,1
7,6,row22543,1,1
9,10,row08166,-1,1
8,7,row07377,1,1
6,7,row05610,-1,1
10,11,row08889,-1,1
5,6,row04453,-1,1
6,7,row16228,-1,1
7,6,row06516,1,1
7,6,row21059,1,1
6,5,row20196,1,1
8,7,row14951,1,1
5,6,row13744,-1,1
6,5,row06061,1,1
6,7,row19421,-1,1
11,10,row10979,1,1
7,6,row12444,1,1
5,4,row13507,1,1
7,6,row06931,1,1
8,7,row16943,1,1
6,7,row18840,-1,1
6,7,row16615,-1,1
9,10,row18595,-1,1
5,6,row13722,-1,1
8,7,row14123,1,1
6,7,row05694,-1,1
8,7,row07259,1,1
6,5,row19233,1,1
7,8,row06695,-1,1
6,5,row18877,1,1
6,5,row04767,1,1
6,7,row20112,-1,1
6,5,row20519,1,1
8,7,row14049,1,1
6,7,row19820,-1,1
7,8,row12950,-1,1
7,6,row06539,1,1
6,5,row05096,1,1
5,4,row03640,1,1
6,7,row16321,-1,1
9,10,row17981,-1,1
7,6,row06625,1,1
7,8,row06167,-1,1
11,10,row10489,1,1
6,7,row05799,-1,1
7,8,row21312,-1,1
7,8,row21945,-1,1
12,11,row11131,1,1
7,6,row20985,1,1
6,5,row15700,1,1
6,5,row20162,1,1
7,6,row21083,1,1
8,9,row16666,-1,1
5,4,row03561,1,1
7,8,row21518,-1,1
6,7,row15963,-1,1
6,7,row15350,-1,1
6,7,row19101,-1,1
6,7,row16264,-1,1
5,4,row13363,1,1
5,4,row13404,1,1
10,9,row08813,1,1
7,6,row20946,1,1
6,7,row04486,-1,1
9,8,row18545,1,1
7,8,row21430,-1,1
6,5,row04937,1,1
8,7,row14202,1,1
7,6,row12671,1,1
7,8,row22472,-1,1
7,8,row21580,-1,1
7,6,row20881,1,1
7,8,row12873,-1,1
7,8,row21219,-1,1
7,6,row21090,1,1
6,5,row19473,1,1
7,6,row06288,1,1
9,10,row07990,-1,1
7,8,row22553,-1,1
4,3,row03143,1,1
7,6,row21586,1,1
6,7,row19057,-1,1
4,3,row02589,1,1
6,7,row15326,-1,1
1,0,row00489,1,1
8,7,row16788,1,1
7,6,row21472,1,1
5,6,row03949,-1,1
7,6,row06500,1,1
6,5,row18752,1,1
7,6,row12938,1,1
6,5,row20348,1,1
8,9,row14191,-1,1
6,7,row18816,-1,1
8,7,row07089,1,1
8,7,row13831,1,1
8,7,row14558,1,1
7,8,row22237,-1,1
6,5,row16048,1,1
5,4,row03892,1,1
9,10,row08348,-1,1
8,9,row14078,-1,1
6,7,row15436,-1,1
7,6,row12792,1,1
4,5,row03202,-1,1
6,7,row16470,-1,1
6,5,row19947,1,1
6,7,row16275,-1,1
10,9,row09130,1,1
6,7,row19808,-1,1
6,5,row19012,1,1
7,6,row12781,1,1
7,6,row22556,1,1
6,5,row04547,1,1
8,7,row14966,1,1
6,7,row05343,-1,1
9,8,row08394,1,1
8,7,row14593,1,1
5,6,row04419,-1,1
7,8,row06209,-1,1
5,6,row13056,-1,1
8,9,row14798,-1,1
8,7,row17723,1,1
7,6,row12497,1,1
8,9,row13854,-1,1
6,7,row19349,-1,1
5,6,row03427,-1,1
8,7,row17039,1,1
2,1,row01407,1,1
9,10,row18055,-1,1
7,8,row21745,-1,1
7,6,row06838,1,1
6,7,row20322,-1,1
6,7,row15706,-1,1
11,12,row10437,-1,1
6,7,row05734,-1,1
9,10,row08069,-1,1
6,5,row20391,1,1
7,6,row12751,1,1
1,2,row00723,-1,1
7,8,row21908,-1,1
6,7,row15844,-1,1
0,1,row00192,-1,1
6,7,row05217,-1,1
7,6,row06253,1,1
6,7,row19385,-1,1
8,7,row17267,1,1
5,6,row13569,-1,1
0,1,row00417,-1,1
3,2,row01927,1,1
7,8,row06692,-1,1
10,11,row09411,-1,1
8,7,row15121,1,1
6,7,row05209,-1,1
6,5,row05540,1,1
7,6,row06077,1,1
4,3,row03266,1,1
7,6,row22195,1,1
7,6,row06639,1,1
4,3,row03389,1,1
10,9,row09152,1,1
7,8,row21550,-1,1
7,6,row12817,1,1
10,9,row08857,1,1
5,4,row03588,1,1
3,2,row02400,1,1
6,7,row16315,-1,1
6,7,row18709,-1,1
6,5,row04996,1,1
7,8,row12475,-1,1
7,8,row12771,-1,1
4,5,row02566,-1,1
9,10,row18639,-1,1
6,7,row15274,-1,1
6,5,row18983,1,1
5,4,row13165,1,1
3,4,row02446,-1,1
7,6,row06819,1,1
10,11,row09257,-1,1
6,5,row05056,1,1
6,5,row19599,1,1
6,5,row15492,1,1
8,7,row07460,1,1
3,2,row02399,1,1
7,8,row12557,-1,1
6,5,row05696,1,1
9,10,row08220,-1,1
7,6,row21381,1,1
7,8,row21255,-1,1
5,6,row03396,-1,1
8,7,row07093,1,1
7,6,row20899,1,1
6,7,row16158,-1,1
9,10,row18380,-1,1
6,7,row19882,-1,1
8,9,row13858,-1,1
9,8,row18104,1,1
7,6,row22311,1,1
5,4,row03645,1,1
10,9,row08916,1,1
9,10,row18534,-1,1
6,7,row15498,-1,1
7,6,row12820,1,1
12,11,row11215,1,1
7,6,row12971,1,1
6,5,row05337,1,1
5,4,row03864,1,1
7,8,row20607,-1,1
7,6,row21668,1,1
5,6,row03960,-1,1
6,5,row20434,1,1
6,5,row19273,1,1
8,7,row07107,1,1
7,6,row20654,1,1
3,2,row02234,1,1
7,8,row21199,-1,1
7,8,row21501,-1,1
7,8,row22958,-1,1
8,9,row06973,-1,1
4,5,row03091,-1,1
4,5,row02771,-1,1
5,4,row03848,1,1
7,6,row22229,1,1
6,7,row20445,-1,1
6,5,row05475,1,1
6,5,row15502,1,1
2,3,row01019,-1,1
7,6,row13039,1,1
6,5,row05911,1,1
6,7,row15258,-1,1
5,4,row13451,1,1
7,6,row06120,1,1
9,8,row08365,1,1
6,5,row20291,1,1
7,8,row21352,-1,1
4,3,row02804,1,1
9,10,row17870,-1,1
6,7,row15260,-1,1
6,5,row19562,1,1
4,5,row02488,-1,1
7,8,row22762,-1,1
6,5,row15398,1,1
5,6,row04197,-1,1
10,9,row09041,1,1
3,2,row02476,1,1
6,7,row05087,-1,1
7,8,row06929,-1,1
5,4,row04096,1,1
6,7,row16036,-1,1
8,9,row13830,-1,1
6,7,row19611,-1,1
6,7,row05246,-1,1
8,7,row13967,1,1
7,6,row06416,1,1
4,5,row03217,-1,1
10,9,row09527,1,1
8,7,row16853,1,1
8,7,row14971,1,1
7,6,row06669,1,1
6,7,row15878,-1,1
7,8,row12825,-1,1
6,7,row04588,-1,1
7,6,row21003,1,1
9,10,row17890,-1,1
8,7,row07388,1,1
7,8,row21248,-1,1
5,6,row03905,-1,1
10,11,row08830,-1,1
6,7,row19837,-1,1
7,6,row22733,1,1
9,10,row08253,-1,1
8,7,row16897,1,1
7,8,row21981,-1,1
5,4,row03862,1,1
3,2,row02020,1,1
6,7,row18763,-1,1
6,7,row19406,-1,1
7,8,row21234,-1,1
10,9,row08929,1,1
10,9,row08853,1,1
11,10,row10628,1,1
3,2,row02374,1,1
7,6,row06162,1,1
10,9,row09580,1,1
6,5,row20523,1,1
6,5,row16309,1,1
6,7,row20176,-1,1
5,4,row13237,1,1
6,7,row18776,-1,1
7,8,row22390,-1,1
6,7,row05084,-1,1
6,5,row19515,1,1
6,5,row04886,1,1
5,4,row03870,1,1
7,8,row21546,-1,1
5,4,row13356,1,1
6,7,row19920,-1,1
6,7,row19080,-1,1
6,5,row04620,1,1
6,7,row16219,-1,1
7,6,row22708,1,1
9,10,row08577,-1,1
8,9,row14845,-1,1
6,7,row15472,-1,1
7,6,row21732,1,1
7,8,row12776,-1,1
7,6,row12489,1,1
7,6,row12565,1,1
6,5,row19591,1,1
7,8,row22524,-1,1
6,7,row18675,-1,1
6,5,row19577,1,1
6,5,row20554,1,1
6,7,row05295,-1,1
6,5,row20568,1,1
8,7,row17316,1,1
5,6,row13677,-1,1
4,5,row02584,-1,1
7,8,row12787,-1,1
8,7,row16977,1,1
6,7,row06041,-1,1
10,9,row09480,1,1
6,5,row06040,1,1
9,10,row17953,-1,1
10,9,row08977,1,1
7,8,row21388,-1,1
6,7,row16417,-1,1
7,6,row12604,1,1
6,7,row19674,-1,1
10,9,row09151,1,1
8,7,row07196,1,1
4,5,row02623,-1,1
10,9,row09459,1,1
7,8,row22492,-1,1
4,3,row02862,1,1
8,7,row07096,1,1
4,5,row02504,-1,1
10,11,row09231,-1,1
6,7,row04998,-1,1
6,7,row19381,-1,1
7,8,row22228,-1,1
7,8,row22181,-1,1
6,5,row20428,1,1
7,8,row22354,-1,1
6,7,row15226,-1,1
7,6,row22101,1,1
6,5,row19316,1,1
1,0,row00710,1,1
9,10,row18549,-1,1
6,7,row16310,-1,1
7,6,row22774,1,1
6,5,row20345,1,1
6,5,row16501,1,1
7,6,row22707,1,1
4,5,row02625,-1,1
7,6,row06233,1,1
1,2,row00626,-1,1
7,8,row21184,-1,1
5,4,row04113,1,1
9,10,row18345,-1,1
5,4,row13300,1,1
8,7,row07287,1,1
9,10,row17924,-1,1
6,7,row16170,-1,1
0,1,row00435,-1,1
9,10,row18553,-1,1
7,6,row22407,1,1
7,6,row22959,1,1
8,7,row17764,1,1
6,5,row05926,1,1
4,3,row03084,1,1
9,10,row18018,-1,1
5,4,row03506,1,1
6,5,row20360,1,1
6,7,row15747,-1,1
8,7,row07116,1,1
8,9,row14826,-1,1
8,7,row16893,1,1
8,7,row07127,1,1
7,8,row22396,-1,1
5,4,row13515,1,1
8,7,row17426,1,1
8,7,row16719,1,1
11,10,row10699,1,1
7,8,row22722,-1,1
7,6,row20716,1,1
8,7,row17253,1,1
6,7,row16182,-1,1
9,10,row18017,-1,1
7,6,row22785,1,1
6,5,row20018,1,1
9,10,row07974,-1,1
6,7,row15361,-1,1
5,4,row03814,1,1
4,3,row02704,1,1
6,5,row16517,1,1
5,4,row03518,1,1
7,6,row06105,1,1
6,7,row05996,-1,1
6,5,row20562,1,1
9,8,row08556,1,1
7,6,row06111,1,1
6,5,row19203,1,1
2,3,row01325,-1,1
9,10,row08646,-1,1
5,4,row13172,1,1
7,6,row06655,1,1
8,7,row07002,1,1
7,6,row06919,1,1
8,9,row07049,-1,1
8,9,row16649,-1,1
4,5,row02890,-1,1
8,7,row06992,1,1
5,4,row03686,1,1
7,8,row21194,-1,1
6,5,row15433,1,1
6,5,row05456,1,1
8,7,row07396,1,1
4,5,row02912,-1,1
7,6,row06420,1,1
9,10,row18512,-1,1
7,8,row21226,-1,1
9,8,row08091,1,1
6,7,row18764,-1,1
6,7,row19750,-1,1
9,8,row18241,1,1
6,7,row15239,-1,1
7,6,row22939,1,1
4,5,row23383,-1,1
7,6,row06515,1,1
9,8,row08018,1,1
8,7,row15191,1,1
4,5,row02878,-1,1
7,6,row06820,1,1
6,7,row05349,-1,1
6,5,row05061,1,1
6,5,row20214,1,1
4,3,row23317,1,1
9,10,row17961,-1,1
9,10,row18158,-1,1
6,7,row18771,-1,1
8,9,row13818,-1,1
6,7,row15657,-1,1
6,7,row15562,-1,1
7,8,row21188,-1,1
11,10,row10515,1,1
9,10,row07938,-1,1
3,4,row02475,-1,1
5,6,row13248,-1,1
5,4,row04119,1,1
9,10,row18296,-1,1
9,10,row08355,-1,1
9,10,row17904,-1,1
9,10,row08114,-1,1
8,7,row14899,1,1
3,2,row02419,1,1
5,4,row04173,1,1
6,5,row15617,1,1
9,8,row18605,1,1
8,7,row14413,1,1
7,6,row06567,1,1
7,6,row06872,1,1
7,8,row21314,-1,1
5,4,row13464,1,1
9,10,row08666,-1,1
6,7,row05597,-1,1
9,10,row08576,-1,1
7,8,row21319,-1,1
6,7,row05190,-1,1
8,7,row07383,1,1
10,11,row08776,-1,1
7,6,row22437,1,1
7,8,row22527,-1,1
7,6,row12913,1,1
5,4,row03948,1,1
5,4,row03541,1,1
7,6,row12449,1,1
6,7,row19478,-1,1
7,8,row12463,-1,1
6,5,row04539,1,1
6,5,row05053,1,1
7,8,row12788,-1,1
7,8,row22480,-1,1
7,6,row22275,1,1
7,6,row06538,1,1
6,7,row20187,-1,1
7,8,row21311,-1,1
8,7,row07176,1,1
4,3,row02781,1,1
8,7,row07282,1,1
7,8,row21512,-1,1
9,8,row07840,1,1
7,8,row22887,-1,1
10,11,row09390,-1,1
7,8,row22326,-1,1
5,6,row03889,-1,1
6,7,row15211,-1,1
6,5,row20030,1,1
7,8,row21161,-1,1
11,10,row10256,1,1
9,10,row18175,-1,1
6,5,row19200,1,1
6,7,row18670,-1,1
1,2,row00708,-1,1
5,6,row03774,-1,1
7,8,row22141,-1,1
9,8,row08192,1,1
10,9,row09056,1,1
6,7,row04903,-1,1
6,5,row04865,1,1
6,7,row18834,-1,1
5,6,row13405,-1,1
6,7,row18869,-1,1
8,7,row17263,1,1
2,1,row01323,1,1
8,7,row07422,1,1
11,12,row10440,-1,1
6,7,row19946,-1,1
6,5,row04986,1,1
5,4,row13533,1,1
3,4,row02422,-1,1
3,4,row01811,-1,1
5,4,row03843,1,1
6,7,row18698,-1,1
7,6,row12992,1,1
9,8,row18495,1,1
7,6,row12968,1,1
6,7,row15347,-1,1
6,7,row19792,-1,1
5,4,row03503,1,1
5,4,row13264,1,1
6,7,row16081,-1,1
2,3,row01018,-1,1
11,10,row10161,1,1
7,8,row21935,-1,1
7,6,row12834,1,1
9,10,row08173,-1,1
7,6,row21097,1,1
5,4,row03769,1,1
9,10,row08012,-1,1
6,7,row15921,-1,1
7,8,row21547,-1,1
7,6,row12910,1,1
5,4,row03846,1,1
7,8,row22933,-1,1
5,4,row13777,1,1
7,6,row21105,1,1
7,8,row22357,-1,1
5,4,row13235,1,1
6,7,row05874,-1,1
7,6,row21635,1,1
9,10,row18358,-1,1
6,7,row16033,-1,1
6,7,row19857,-1,1
8,7,row07410,1,1
7,8,row22590,-1,1
6,7,row05276,-1,1
5,4,row03648,1,1
6,5,row05118,1,1
5,6,row03808,-1,1
6,5,row05116,1,1
7,6,row06547,1,1
7,8,row20736,-1,1
3,2,row02249,1,1
8,7,row17524,1,1
8,7,row14122,1,1
6,5,row04635,1,1
7,6,row22018,1,1
7,8,row21301,-1,1
5,4,row03912,1,1
9,10,row17857,-1,1
7,6,row22284,1,1
7,8,row21146,-1,1
7,8,row06587,-1,1
3,4,row02026,-1,1
7,8,row22348,-1,1
4,3,row03284,1,1
9,10,row07792,-1,1
7,6,row12450,1,1
8,7,row17167,1,1
10,9,row08926,1,1
5,4,row04319,1,1
4,5,row02953,-1,1
6,5,row05679,1,1
10,9,row09038,1,1
7,8,row21926,-1,1
5,6,row04381,-1,1
6,5,row04816,1,1
5,4,row04338,1,1
8,7,row14491,1,1
8,7,row14451,1,1
6,7,row05015,-1,1
6,7,row19391,-1,1
9,10,row18198,-1,1
4,3,row03330,1,1
6,7,row19749,-1,1
6,7,row19087,-1,1
8,7,row07138,1,1
6,5,row16297,1,1
6,5,row05951,1,1
5,4,row03799,1,1
6,7,row19867,-1,1
6,5,row05051,1,1
6,7,row18755,-1,1
7,8,row22075,-1,1
7,8,row20714,-1,1
4,5,row02610,-1,1
10,9,row09371,1,1
7,6,row21726,1,1
4,5,row02500,-1,1
6,5,row05991,1,1
7,8,row22692,-1,1
6,7,row19854,-1,1
6,7,row16494,-1,1
6,7,row19275,-1,1
8,7,row14420,1,1
8,7,row15013,1,1
3,4,row02362,-1,1
5,4,row13294,1,1
6,7,row19098,-1,1
5,4,row03445,1,1
7,6,row21780,1,1
2,1,row01329,1,1
8,7,row14692,1,1
11,10,row10632,1,1
7,8,row22362,-1,1
8,7,row16727,1,1
7,8,row06626,-1,1
6,7,row16008,-1,1
7,6,row06604,1,1
5,4,row13136,1,1
7,6,row23035,1,1
7,6,row13031,1,1
0,1,row00185,-1,1
6,7,row05232,-1,1
8,9,row13945,-1,1
7,8,row21778,-1,1
9,10,row07864,-1,1
8,7,row15032,1,1
6,5,row20215,1,1
6,7,row15324,-1,1
3,4,row02051,-1,1
5,4,row03515,1,1
5,4,row13457,1,1
9,10,row07939,-1,1
7,6,row22026,1,1
4,3,row03299,1,1
6,5,row20328,1,1
11,10,row09796,1,1
9,10,row08367,-1,1
5,4,row13280,1,1
7,6,row22451,1,1
5,6,row13385,-1,1
6,7,row15847,-1,1
5,4,row04111,1,1
6,5,row05531,1,1
6,5,row16306,1,1
10,11,row09419,-1,1
6,7,row15325,-1,1
6,5,row06028,1,1
8,7,row07113,1,1
6,5,row20379,1,1
6,7,row16469,-1,1
7,8,row21917,-1,1
5,4,row13092,1,1
8,7,row14842,1,1
6,7,row15529,-1,1
8,7,row14227,1,1
5,6,row04071,-1,1
6,7,row19889,-1,1
7,6,row22245,1,1
6,7,row05066,-1,1
8,7,row17119,1,1
5,4,row03596,1,1
9,10,row18577,-1,1
8,7,row07299,1,1
7,8,row22070,-1,1
8,7,row14455,1,1
8,7,row14737,1,1
3,2,row02352,1,1
6,5,row04990,1,1
7,8,row22180,-1,1
6,7,row19622,-1,1
8,7,row14312,1,1
5,6,row04389,-1,1
4,3,row02774,1,1
4,5,row03192,-1,1
9,8,row18100,1,1
4,3,row23577,1,1
6,7,row16639,-1,1
6,5,row15758,1,1
6,7,row15974,-1,1
6,5,row04599,1,1
8,7,row07443,1,1
4,5,row23397,-1,1
6,7,row15479,-1,1
11,10,row10455,1,1
3,2,row02019,1,1
9,8,row18404,1,1
6,5,row04569,1,1
6,5,row05594,1,1
7,8,row21383,-1,1
2,3,row01633,-1,1
5,4,row04258,1,1
4,5,row02544,-1,1
7,6,row12631,1,1
8,7,row14801,1,1
7,6,row21638,1,1
7,6,row12634,1,1
9,8,row08198,1,1
7,8,row22124,-1,1
7,8,row20741,-1,1
6,5,row04743,1,1
6,7,row19379,-1,1
7,6,row06600,1,1
8,9,row14646,-1,1
8,7,row14769,1,1
6,5,row16307,1,1
9,8,row18367,1,1
9,10,row17816,-1,1
7,8,row21212,-1,1
6,5,row05003,1,1
6,7,row15497,-1,1
8,7,row07590,1,1
5,4,row03964,1,1
6,5,row20235,1,1
5,4,row03779,1,1
7,6,row22103,1,1
6,5,row15544,1,1
9,8,row08514,1,1
7,6,row13021,1,1
4,5,row02573,-1,1
7,8,row20856,-1,1
5,4,row04424,1,1
7,8,row21450,-1,1
9,10,row18083,-1,1
7,8,row22637,-1,1
5,4,row03662,1,1
7,6,row12470,1,1
0,1,row00003,-1,1
7,8,row22353,-1,1
5,4,row03827,1,1
9,8,row17910,1,1
7,6,row13008,1,1
6,5,row04724,1,1
6,5,row05004,1,1
8,9,row14248,-1,1
6,7,row16474,-1,1
4,5,row23290,-1,1
4,3,row23449,1,1
6,7,row18693,-1,1
4,3,row03099,1,1
11,10,row10160,1,1
6,5,row05909,1,1
6,5,row20005,1,1
6,5,row04772,1,1
6,7,row16210,-1,1
7,8,row21100,-1,1
6,5,row16541,1,1
4,5,row23349,-1,1
7,6,row12532,1,1
5,4,row13107,1,1
7,6,row21043,1,1
7,6,row22905,1,1
9,8,row18088,1,1
8,7,row16854,1,1
5,4,row03863,1,1
7,8,row12878,-1,1
5,4,row03683,1,1
6,5,row15458,1,1
7,8,row21845,-1,1
9,8,row18359,1,1
4,5,row02578,-1,1
9,10,row18284,-1,1
7,6,row20621,1,1
6,7,row05812,-1,1
10,9,row09256,1,1
7,8,row22593,-1,1
6,5,row19312,1,1
10,11,row09136,-1,1
7,6,row21157,1,1
4,3,row03349,1,1
5,6,row04418,-1,1
8,7,row16859,1,1
7,8,row21213,-1,1
5,4,row13219,1,1
6,5,row20003,1,1
7,6,row22404,1,1
4,3,row23532,1,1
5,6,row04000,-1,1
10,11,row08711,-1,1
5,4,row03649,1,1
9,10,row08037,-1,1
9,10,row08602,-1,1
5,4,row13435,1,1
11,10,row09889,1,1
6,5,row16568,1,1
9,8,row18415,1,1
7,6,row06073,1,1
3,4,row02367,-1,1
6,7,row15273,-1,1
6,5,row05943,1,1
7,6,row06591,1,1
5,6,row13315,-1,1
4,5,row02957,-1,1
6,5,row05057,1,1
7,8,row22510,-1,1
7,6,row20970,1,1
6,7,row18827,-1,1
6,7,row15992,-1,1
12,11,row11778,1,1
9,10,row08336,-1,1
8,7,row07550,1,1
7,6,row23030,1,1
8,9,row14304,-1,1
8,7,row15156,1,1
6,5,row19987,1,1
4,3,row02830,1,1
6,5,row18741,1,1
4,3,row02614,1,1
7,6,row12627,1,1
6,7,row15636,-1,1
7,6,row06764,1,1
6,7,row19705,-1,1
6,5,row05130,1,1
3,4,row01980,-1,1
5,4,row13344,1,1
6,5,row05663,1,1
8,7,row16880,1,1
4,5,row23243,-1,1
8,7,row07131,1,1
7,6,row22118,1,1
9,8,row08380,1,1
7,8,row21363,-1,1
4,3,row23651,1,1
9,8,row18410,1,1
6,5,row15450,1,1
9,10,row18528,-1,1
6,7,row05342,-1,1
8,7,row17337,1,1
7,6,row12948,1,1
9,8,row08554,1,1
6,7,row04923,-1,1
3,4,row02417,-1,1
5,6,row13075,-1,1
7,6,row20737,1,1
5,6,row13618,-1,1
7,6,row22810,1,1
6,7,row19523,-1,1
8,9,row14368,-1,1
3,2,row02275,1,1
4,3,row02924,1,1
7,8,row06616,-1,1
7,8,row22493,-1,1
7,8,row06595,-1,1
4,5,row02534,-1,1
7,6,row06778,1,1
6,7,row15623,-1,1
4,5,row02545,-1,1
6,7,row15246,-1,1
5,4,row13203,1,1
6,5,row04655,1,1
6,7,row15868,-1,1
7,6,row13023,1,1
6,7,row15850,-1,1
6,5,row04881,1,1
6,7,row19321,-1,1
8,9,row14334,-1,1
6,5,row16299,1,1
4,5,row02865,-1,1
6,7,row19709,-1,1
10,9,row09477,1,1
4,5,row03028,-1,1
2,3,row00999,-1,1
8,7,row07455,1,1
8,7,row07043,1,1
3,4,row01800,-1,1
6,7,row15975,-1,1
6,5,row05581,1,1
6,7,row19682,-1,1
6,7,row16485,-1,1
6,5,row15375,1,1
8,7,row07133,1,1
8,7,row17806,1,1
7,8,row21529,-1,1
6,7,row19810,-1,1
7,6,row22060,1,1
6,5,row15933,1,1
7,6,row21480,1,1
5,4,row04102,1,1
7,6,row06164,1,1
7,6,row12922,1,1
7,8,row21582,-1,1
6,7,row15277,-1,1
7,8,row22208,-1,1
7,6,row12955,1,1
5,4,row13299,1,1
7,6,row22901,1,1
7,6,row22858,1,1
8,7,row16972,1,1
4,5,row02497,-1,1
2,3,row00934,-1,1
7,6,row12596,1,1
6,7,row19303,-1,1
7,6,row12821,1,1
8,9,row06954,-1,1
8,7,row16939,1,1
4,5,row02952,-1,1
9,8,row18503,1,1
6,5,row05464,1,1
7,8,row21204,-1,1
9,10,row18641,-1,1
7,6,row22146,1,1
5,6,row13667,-1,1
6,5,row20293,1,1
9,10,row18054,-1,1
6,7,row16400,-1,1
7,8,row06095,-1,1
7,8,row21174,-1,1
5,4,row13104,1,1
4,3,row02616,1,1
7,6,row20924,1,1
8,9,row14785,-1,1
7,6,row21015,1,1
5,6,row04023,-1,1
8,7,row17300,1,1
6,7,row06052,-1,1
6,7,row16274,-1,1
8,7,row14461,1,1
9,8,row18379,1,1
7,6,row06426,1,1
6,7,row05251,-1,1
6,5,row19952,1,1
7,8,row12678,-1,1
5,4,row03841,1,1
6,7,row18735,-1,1
7,8,row21169,-1,1
4,5,row03199,-1,1
4,3,row02873,1,1
7,6,row22297,1,1
9,10,row18086,-1,1
6,7,row15408,-1,1
7,8,row21860,-1,1
2,3,row01502,-1,1
5,6,row13561,-1,1
8,7,row17021,1,1
8,7,row14878,1,1
5,4,row03668,1,1
10,11,row09551,-1,1
6,7,row18722,-1,1
8,7,row07338,1,1
7,8,row23016,-1,1
5,6,row13631,-1,1
8,7,row07509,1,1
6,7,row18736,-1,1
7,6,row21829,1,1
6,7,row05369,-1,1
7,6,row22872,1,1
6,5,row04961,1,1
9,10,row18065,-1,1
6,7,row19131,-1,1
4,3,row23665,1,1
4,5,row03052,-1,1
5,4,row13487,1,1
7,8,row22384,-1,1
1,2,row00579,-1,1
6,5,row20167,1,1
6,7,row16502,-1,1
8,7,row14753,1,1
4,3,row02875,1,1
8,7,row07394,1,1
6,5,row04765,1,1
8,7,row14691,1,1
6,7,row19866,-1,1
2,1,row01460,1,1
6,7,row18678,-1,1
8,7,row16848,1,1
6,7,row18715,-1,1
7,6,row12730,1,1
6,7,row16142,-1,1
5,6,row03815,-1,1
6,5,row20006,1,1
11,12,row09734,-1,1
6,7,row16111,-1,1
9,10,row07717,-1,1
6,7,row15224,-1,1
9,10,row18339,-1,1
4,3,row02857,1,1
3,2,row02175,1,1
3,2,row02391,1,1
6,5,row20035,1,1
4,3,row02581,1,1
6,7,row16466,-1,1
5,4,row03627,1,1
6,5,row05704,1,1
10,9,row09178,1,1
9,8,row18115,1,1
8,7,row07242,1,1
6,7,row19114,-1,1
10,11,row09381,-1,1
6,7,row20149,-1,1
6,7,row04708,-1,1
6,5,row19961,1,1
4,3,row02586,1,1
5,4,row03482,1,1
3,2,row02312,1,1
6,5,row19055,1,1
6,5,row04879,1,1
9,10,row18229,-1,1
5,6,row13759,-1,1
5,6,row03950,-1,1
7,6,row12935,1,1
6,7,row04639,-1,1
7,6,row06323,1,1
6,7,row15536,-1,1
9,10,row08027,-1,1
6,7,row04914,-1,1
7,8,row06373,-1,1
11,10,row10936,1,1
6,7,row15382,-1,1
9,10,row18271,-1,1
7,8,row21670,-1,1
6,7,row05274,-1,1
7,6,row06866,1,1
7,6,row12443,1,1
8,9,row14722,-1,1
10,9,row08750,1,1
6,5,row16350,1,1
6,5,row19045,1,1
1,0,row00592,1,1
9,8,row07993,1,1
10,9,row09320,1,1
7,6,row12918,1,1
6,7,row19908,-1,1
9,10,row18149,-1,1
6,7,row05322,-1,1
5,6,row03788,-1,1
6,5,row05009,1,1
7,6,row12556,1,1
11,10,row10058,1,1
8,7,row07263,1,1
9,8,row08371,1,1
6,7,row15197,-1,1
7,8,row12400,-1,1
8,7,row17280,1,1
7,6,row21511,1,1
6,5,row05115,1,1
6,5,row15483,1,1
7,6,row12954,1,1
6,5,row05652,1,1
11,10,row10272,1,1
8,7,row07368,1,1
5,6,row13057,-1,1
9,10,row18527,-1,1
4,3,row02720,1,1
6,5,row16133,1,1
7,8,row22213,-1,1
7,6,row21825,1,1
5,4,row03884,1,1
7,6,row21604,1,1
9,10,row08056,-1,1
7,6,row06822,1,1
9,10,row17884,-1,1
6,5,row16209,1,1
6,5,row16594,1,1
10,11,row08907,-1,1
7,6,row23099,1,1
6,5,row04967,1,1
10,11,row08717,-1,1
9,10,row17901,-1,1
7,6,row06229,1,1
7,6,row22071,1,1
6,7,row18737,-1,1
8,7,row13939,1,1
7,6,row06650,1,1
5,4,row03761,1,1
9,10,row17950,-1,1
6,7,row16269,-1,1
7,8,row21178,-1,1
6,7,row19807,-1,1
6,7,row15474,-1,1
8,9,row13836,-1,1
8,7,row07175,1,1
5,4,row13382,1,1
11,10,row09767,1,1
9,10,row18128,-1,1
7,6,row12724,1,1
2,3,row01220,-1,1
6,7,row19953,-1,1
7,8,row22974,-1,1
6,7,row16414,-1,1
11,10,row09583,1,1
10,11,row08704,-1,1
11,12,row09778,-1,1
7,8,row06078,-1,1
8,7,row14492,1,1
6,5,row04815,1,1
7,8,row21244,-1,1
6,7,row18673,-1,1
7,6,row06821,1,1
7,8,row22750,-1,1
4,3,row23724,1,1
8,7,row16974,1,1
7,8,row06718,-1,1
6,7,row20320,-1,1
4,3,row03272,1,1
6,7,row05603,-1,1
8,7,row07686,1,1
6,5,row05472,1,1
7,8,row06588,-1,1
6,7,row16636,-1,1
7,6,row22201,1,1
9,8,row18148,1,1
6,7,row19480,-1,1
10,9,row09412,1,1
6,5,row04587,1,1
4,3,row23663,1,1
7,8,row12857,-1,1
6,5,row20000,1,1
6,7,row15899,-1,1
7,8,row12524,-1,1
0,1,row00230,-1,1
9,10,row08154,-1,1
7,8,row21258,-1,1
7,6,row12851,1,1
7,6,row22051,1,1
4,3,row03267,1,1
7,8,row21247,-1,1
6,5,row04676,1,1
6,7,row19621,-1,1
8,7,row13851,1,1
7,6,row23148,1,1
6,7,row19475,-1,1
11,10,row09605,1,1
6,5,row05173,1,1
6,7,row19164,-1,1
8,7,row07125,1,1
8,9,row07170,-1,1
10,9,row09440,1,1
5,6,row04181,-1,1
6,5,row04692,1,1
5,6,row03430,-1,1
9,10,row08561,-1,1
7,6,row22789,1,1
8,7,row17379,1,1
7,8,row21250,-1,1
3,2,row01936,1,1
6,5,row16574,1,1
7,6,row06332,1,1
9,10,row08299,-1,1
5,4,row04072,1,1
6,7,row05325,-1,1
11,12,row09593,-1,1
9,10,row17932,-1,1
6,7,row04507,-1,1
7,6,row12943,1,1
7,6,row06594,1,1
5,4,row13432,1,1
5,4,row03592,1,1
6,5,row20043,1,1
10,9,row09241,1,1
8,7,row14896,1,1
7,6,row12837,1,1
5,4,row03886,1,1
6,5,row05437,1,1
2,3,row01225,-1,1
10,11,row09324,-1,1
8,7,row16913,1,1
4,3,row03235,1,1
6,7,row20234,-1,1
11,10,row09708,1,1
6,5,row18953,1,1
9,10,row07728,-1,1
5,4,row13243,1,1
6,7,row19069,-1,1
5,4,row13393,1,1
8,7,row14428,1,1
5,4,row13217,1,1
6,5,row19573,1,1
7,6,row12945,1,1
7,8,row21403,-1,1
7,6,row21624,1,1
6,5,row05310,1,1
7,8,row21211,-1,1
7,8,row22485,-1,1
7,8,row22845,-1,1
6,7,row05858,-1,1
6,7,row16313,-1,1
6,5,row04709,1,1
6,7,row04916,-1,1
10,11,row08849,-1,1
6,7,row16071,-1,1
7,6,row12632,1,1
6,7,row19636,-1,1
5,4,row03783,1,1
7,8,row22355,-1,1
10,9,row09432,1,1
6,5,row04513,1,1
6,5,row04878,1,1
8,7,row07424,1,1
8,7,row14923,1,1
7,8,row22562,-1,1
10,9,row08947,1,1
7,8,row06945,-1,1
4,5,row23308,-1,1
5,4,row13186,1,1
6,5,row04636,1,1
4,5,row02906,-1,1
8,7,row07283,1,1
6,5,row05632,1,1
6,7,row19410,-1,1
8,7,row17179,1,1
11,10,row09754,1,1
7,6,row06762,1,1
6,7,row05772,-1,1
6,7,row05080,-1,1
5,4,row03878,1,1
7,6,row12952,1,1
7,8,row06659,-1,1
6,7,row15901,-1,1
8,7,row14215,1,1
7,8,row20752,-1,1
6,5,row15873,1,1
8,7,row07414,1,1
6,5,row18947,1,1
7,6,row21713,1,1
10,9,row09454,1,1
5,6,row04370,-1,1
7,6,row21064,1,1
8,7,row17729,1,1
7,8,row06684,-1,1
10,9,row09575,1,1
4,5,row02725,-1,1
2,1,row01088,1,1
7,8,row21208,-1,1
11,10,row10486,1,1
3,4,row02044,-1,1
7,6,row12920,1,1
6,7,row16214,-1,1
2,3,row01687,-1,1
7,8,row22199,-1,1
7,8,row06609,-1,1
5,6,row13306,-1,1
5,4,row04242,1,1
7,8,row12398,-1,1
7,8,row21245,-1,1
6,5,row04831,1,1
3,2,row02233,1,1
6,7,row19609,-1,1
5,4,row03502,1,1
8,7,row07523,1,1
7,6,row22411,1,1
4,5,row02495,-1,1
5,6,row13183,-1,1
6,5,row20115,1,1
6,7,row15646,-1,1
6,7,row04489,-1,1
5,6,row04053,-1,1
7,8,row21549,-1,1
11,10,row09647,1,1
7,6,row06392,1,1
6,5,row19192,1,1
7,8,row20583,-1,1
4,3,row03246,1,1
5,4,row13270,1,1
4,5,row23340,-1,1
5,6,row03953,-1,1
0,1,row00446,-1,1
8,9,row16672,-1,1
6,5,row05928,1,1
8,9,row16683,-1,1
7,6,row12689,1,1
10,11,row08709,-1,1
8,7,row07201,1,1
6,5,row19545,1,1
3,2,row02150,1,1
6,7,row19865,-1,1
8,7,row14399,1,1
7,8,row21393,-1,1
7,6,row06407,1,1
6,5,row04575,1,1
7,6,row22962,1,1
9,8,row18594,1,1
8,7,row14613,1,1
7,6,row23147,1,1
7,6,row20763,1,1
6,5,row19319,1,1
7,6,row06161,1,1
6,7,row05485,-1,1
7,6,row21081,1,1
8,7,row07135,1,1
9,10,row07726,-1,1
7,6,row12574,1,1
5,6,row03556,-1,1
10,9,row09105,1,1
6,7,row19420,-1,1
7,8,row06900,-1,1
8,7,row07189,1,1
6,7,row16012,-1,1
7,8,row12981,-1,1
7,8,row22468,-1,1
7,6,row23091,1,1
7,8,row21293,-1,1
6,7,row15316,-1,1
7,6,row21641,1,1
7,6,row23004,1,1
7,8,row06686,-1,1
7,8,row22475,-1,1
6,7,row15672,-1,1
4,3,row03313,1,1
6,7,row20104,-1,1
7,8,row22089,-1,1
3,2,row02398,1,1
4,3,row03067,1,1
8,7,row17224,1,1
6,7,row20201,-1,1
10,9,row08827,1,1
6,7,row16152,-1,1
7,8,row22073,-1,1
7,6,row12812,1,1
8,7,row07297,1,1
8,7,row14909,1,1
8,9,row06963,-1,1
7,8,row21238,-1,1
7,6,row12587,1,1
6,5,row04883,1,1
6,5,row20530,1,1
8,9,row14125,-1,1
8,7,row14773,1,1
7,8,row22724,-1,1
8,7,row15030,1,1
10,9,row08832,1,1
6,7,row15289,-1,1
9,8,row08363,1,1
4,5,row02596,-1,1
10,9,row08930,1,1
4,5,row23625,-1,1
5,6,row03519,-1,1
7,6,row23142,1,1
6,7,row20423,-1,1
5,4,row03933,1,1
8,9,row14393,-1,1
7,6,row21716,1,1
6,5,row15762,1,1
8,9,row16646,-1,1
8,7,row07000,1,1
6,5,row04674,1,1
5,6,row13099,-1,1
6,5,row16346,1,1
6,5,row06062,1,1
6,5,row20259,1,1
5,6,row13650,-1,1
10,9,row08870,1,1
7,6,row12959,1,1
3,2,row02089,1,1
11,12,row10970,-1,1
9,8,row18106,1,1
4,3,row03304,1,1
8,7,row14970,1,1
6,5,row20016,1,1
6,7,row05206,-1,1
6,7,row20129,-1,1
7,8,row21866,-1,1
7,6,row21772,1,1
4,5,row23544,-1,1
5,4,row04435,1,1
7,6,row06518,1,1
8,7,row17084,1,1
10,9,row08805,1,1
7,6,row22115,1,1
9,10,row18360,-1,1
10,11,row08943,-1,1
8,7,row16912,1,1
6,5,row15508,1,1
10,11,row08757,-1,1
6,5,row20049,1,1
5,6,row13214,-1,1
6,7,row19943,-1,1
6,7,row19354,-1,1
4,5,row02529,-1,1
3,4,row01813,-1,1
8,7,row14118,1,1
6,7,row05422,-1,1
5,4,row03511,1,1
8,7,row07155,1,1
8,9,row14127,-1,1
7,6,row06895,1,1
7,8,row22488,-1,1
7,6,row06682,1,1
10,9,row08742,1,1
9,8,row08285,1,1
7,6,row22105,1,1
7,6,row21114,1,1
6,7,row05245,-1,1
7,6,row12808,1,1
7,8,row21379,-1,1
7,8,row06582,-1,1
8,7,row07341,1,1
5,4,row13115,1,1
6,7,row15997,-1,1
7,8,row22007,-1,1
5,4,row03760,1,1
8,7,row17045,1,1
6,5,row06042,1,1
7,8,row21288,-1,1
7,6,row21783,1,1
9,10,row08539,-1,1
8,9,row13917,-1,1
6,5,row19983,1,1
9,10,row18388,-1,1
10,11,row08952,-1,1
11,12,row10727,-1,1
8,7,row17188,1,1
10,11,row08710,-1,1
7,6,row12442,1,1
8,9,row07009,-1,1
6,5,row04817,1,1
10,9,row08944,1,1
7,6,row23002,1,1
7,8,row21216,-1,1
9,10,row07732,-1,1
7,8,row21402,-1,1
6,5,row15680,1,1
6,5,row05905,1,1
8,9,row07019,-1,1
6,5,row16607,1,1
6,7,row19245,-1,1
4,5,row02897,-1,1
7,6,row12782,1,1
6,7,row15222,-1,1
9,10,row17810,-1,1
7,8,row21182,-1,1
7,6,row22061,1,1
9,10,row18070,-1,1
7,8,row21420,-1,1
6,5,row04669,1,1
7,8,row21145,-1,1
2,3,row00949,-1,1
6,5,row19510,1,1
2,3,row01268,-1,1
6,5,row04951,1,1
11,10,row09816,1,1
9,10,row08168,-1,1
6,7,row16292,-1,1
6,7,row18815,-1,1
8,7,row15117,1,1
7,8,row21514,-1,1
5,6,row03801,-1,1
9,8,row18408,1,1
6,7,row04935,-1,1
5,4,row04011,1,1
7,8,row06664,-1,1
6,7,row05070,-1,1
12,11,row12127,1,1
8,7,row07240,1,1
9,10,row08507,-1,1
6,7,row15476,-1,1
7,8,row06698,-1,1
9,8,row08282,1,1
6,5,row16395,1,1
6,5,row05921,1,1
9,10,row18315,-1,1
7,8,row06697,-1,1
6,5,row19292,1,1
6,7,row19106,-1,1
6,5,row20022,1,1
4,5,row02938,-1,1
6,7,row16625,-1,1
6,5,row05941,1,1
7,8,row22449,-1,1
7,6,row22765,1,1
4,5,row02879,-1,1
5,4,row13281,1,1
7,6,row12584,1,1
4,5,row23368,-1,1
12,11,row11610,1,1
6,7,row15689,-1,1
6,5,row15445,1,1
11,10,row10392,1,1
7,8,row22473,-1,1
9,10,row07995,-1,1
9,10,row07872,-1,1
4,3,row03002,1,1
8,7,row07411,1,1
6,5,row04837,1,1
6,7,row19692,-1,1
10,9,row09322,1,1
8,9,row14286,-1,1
6,5,row05621,1,1
8,9,row16738,-1,1
6,5,row19461,1,1
3,2,row02145,1,1
10,11,row09479,-1,1
7,8,row22624,-1,1
6,5,row19911,1,1
4,5,row03333,-1,1
7,6,row12795,1,1
6,7,row18790,-1,1
7,8,row22123,-1,1
8,7,row07075,1,1
6,5,row05622,1,1
7,6,row06386,1,1
9,10,row18645,-1,1
6,7,row16430,-1,1
6,7,row04499,-1,1
8,7,row07106,1,1
6,7,row04953,-1,1
10,9,row08985,1,1
5,6,row04431,-1,1
7,6,row06696,1,1
11,10,row09698,1,1
4,5,row02565,-1,1
7,6,row12527,1,1
8,7,row07386,1,1
9,10,row18301,-1,1
6,7,row19704,-1,1
7,8,row12499,-1,1
7,8,row21494,-1,1
6,7,row19547,-1,1
6,5,row16331,1,1
7,8,row22207,-1,1
6,7,row16271,-1,1
8,7,row13788,1,1
8,7,row07153,1,1
7,6,row06813,1,1
5,4,row13354,1,1
9,10,row18047,-1,1
4,5,row02618,-1,1
6,5,row05102,1,1
3,4,row01884,-1,1
10,11,row08781,-1,1
7,8,row06376,-1,1
8,7,row16969,1,1
7,6,row12755,1,1
4,5,row23607,-1,1
7,6,row21117,1,1
9,10,row08582,-1,1
6,7,row19687,-1,1
8,7,row14760,1,1
5,6,row04375,-1,1
7,8,row21404,-1,1
6,7,row18828,-1,1
6,7,row15628,-1,1
4,5,row23538,-1,1
10,9,row08748,1,1
2,1,row01313,1,1
7,6,row22886,1,1
8,7,row07461,1,1
6,7,row15742,-1,1
11,10,row10984,1,1
6,7,row18933,-1,1
5,4,row03659,1,1
4,3,row03086,1,1
10,11,row08880,-1,1
7,6,row12479,1,1
6,7,row19436,-1,1
6,7,row19657,-1,1
8,7,row14910,1,1
9,10,row08403,-1,1
9,10,row08480,-1,1
6,7,row20197,-1,1
8,7,row17194,1,1
6,7,row15320,-1,1
9,10,row08481,-1,1
8,7,row07162,1,1
7,6,row12750,1,1
7,6,row22509,1,1
6,7,row16272,-1,1
8,9,row17348,-1,1
8,7,row17433,1,1
8,9,row15033,-1,1
7,6,row12448,1,1
2,3,row01102,-1,1
7,6,row21242,1,1
7,6,row20739,1,1
10,11,row09018,-1,1
7,6,row20735,1,1
6,7,row19467,-1,1
6,5,row20026,1,1
8,7,row16881,1,1
6,5,row20408,1,1
8,7,row07702,1,1
7,8,row22622,-1,1
8,7,row07681,1,1
9,10,row08108,-1,1
5,6,row03986,-1,1
7,6,row06157,1,1
3,2,row02027,1,1
6,5,row20506,1,1
6,7,row19089,-1,1
7,6,row22912,1,1
6,7,row19457,-1,1
7,6,row06748,1,1
11,10,row10926,1,1
5,4,row04225,1,1
9,8,row08518,1,1
10,9,row09531,1,1
5,4,row03900,1,1
10,11,row08938,-1,1
10,9,row09089,1,1
5,6,row03409,-1,1
7,6,row06393,1,1
5,4,row03789,1,1
6,7,row05993,-1,1
7,8,row22224,-1,1
7,8,row22690,-1,1
2,1,row01519,1,1
8,7,row14053,1,1
7,8,row12534,-1,1
7,8,row21246,-1,1
8,7,row17544,1,1
5,4,row03492,1,1
5,4,row03635,1,1
7,8,row22514,-1,1
7,8,row21392,-1,1
6,5,row20226,1,1
6,5,row16349,1,1
4,5,row23448,-1,1
8,7,row14596,1,1
8,9,row14912,-1,1
4,3,row02743,1,1
7,6,row06458,1,1
7,8,row22976,-1,1
8,7,row17085,1,1
10,11,row08912,-1,1
8,7,row16875,1,1
6,7,row19241,-1,1
6,7,row15410,-1,1
6,5,row04681,1,1
6,5,row19026,1,1
9,10,row18002,-1,1
6,5,row20260,1,1
6,5,row20511,1,1
9,8,row08373,1,1
6,7,row16091,-1,1
7,8,row22538,-1,1
7,6,row12951,1,1
9,10,row18244,-1,1
7,6,row21120,1,1
6,7,row05350,-1,1
5,6,row13628,-1,1
8,7,row16962,1,1
10,9,row09279,1,1
7,6,row22781,1,1
6,5,row19973,1,1
6,5,row05090,1,1
2,1,row00937,1,1
7,8,row20611,-1,1
5,4,row04090,1,1
5,4,row03830,1,1
7,6,row12402,1,1
7,8,row21729,-1,1
6,7,row19637,-1,1
6,7,row16426,-1,1
7,8,row21878,-1,1
9,10,row07758,-1,1
7,6,row13032,1,1
7,8,row12881,-1,1
4,3,row23382,1,1
5,4,row13126,1,1
7,6,row21711,1,1
7,6,row22002,1,1
5,4,row13184,1,1
8,7,row15186,1,1
11,10,row10531,1,1
7,6,row22721,1,1
5,6,row13670,-1,1
6,5,row04707,1,1
5,4,row03497,1,1
5,4,row13087,1,1
7,6,row12791,1,1
2,1,row01417,1,1
9,8,row08194,1,1
7,6,row12686,1,1
7,6,row12415,1,1
9,10,row17853,-1,1
6,7,row19797,-1,1
8,7,row14230,1,1
7,6,row21004,1,1
4,3,row23442,1,1
5,6,row13329,-1,1
6,5,row04871,1,1
6,7,row18912,-1,1
7,6,row12427,1,1
6,5,row05528,1,1
10,11,row09032,-1,1
6,7,row05683,-1,1
5,6,row13740,-1,1
5,4,row04065,1,1
6,5,row05689,1,1
7,6,row20931,1,1
5,4,row13486,1,1
8,7,row07629,1,1
6,7,row05330,-1,1
6,5,row20255,1,1
8,7,row17388,1,1
7,8,row21409,-1,1
6,7,row15660,-1,1
9,8,row18651,1,1
11,10,row09804,1,1
6,7,row18676,-1,1
6,5,row04897,1,1
6,5,row18920,1,1
6,7,row05717,-1,1
5,4,row03821,1,1
6,7,row05789,-1,1
6,5,row20438,1,1
8,9,row07206,-1,1
5,6,row13567,-1,1
6,5,row05617,1,1
8,7,row07661,1,1
7,6,row12962,1,1
5,4,row03936,1,1
7,8,row22521,-1,1
5,6,row13326,-1,1
8,9,row13907,-1,1
5,4,row03715,1,1
5,6,row13747,-1,1
6,5,row04737,1,1
9,8,row18324,1,1
8,7,row06991,1,1
6,7,row16005,-1,1
6,7,row04804,-1,1
5,4,row13284,1,1
6,7,row18813,-1,1
9,10,row08598,-1,1
6,7,row19795,-1,1
6,7,row16227,-1,1
0,1,row00222,-1,1
7,8,row22260,-1,1
6,7,row15897,-1,1
9,8,row18590,1,1
8,9,row13900,-1,1
6,5,row16593,1,1
8,7,row07303,1,1
7,6,row06182,1,1
6,7,row16191,-1,1
8,7,row14485,1,1
6,5,row05702,1,1
8,9,row14601,-1,1
6,5,row15590,1,1
7,8,row06608,-1,1
5,6,row03997,-1,1
7,6,row06434,1,1
9,10,row08664,-1,1
6,5,row05105,1,1
6,5,row04992,1,1
8,7,row14254,1,1
5,6,row13707,-1,1
5,4,row13285,1,1
6,5,row04763,1,1
6,5,row04546,1,1
7,6,row21644,1,1
9,10,row18632,-1,1
7,6,row22190,1,1
1,2,row00756,-1,1
6,7,row16028,-1,1
7,8,row21315,-1,1
2,1,row01126,1,1
8,7,row16984,1,1
5,4,row04222,1,1
5,4,row13357,1,1
4,5,row02958,-1,1
5,4,row13130,1,1
3,2,row02152,1,1
7,8,row21265,-1,1
6,5,row04706,1,1
8,7,row07540,1,1
5,6,row13187,-1,1
5,4,row13244,1,1
7,8,row21583,-1,1
8,7,row17209,1,1
7,8,row22092,-1,1
9,8,row08528,1,1
7,6,row06497,1,1
8,9,row13883,-1,1
7,6,row21703,1,1
6,5,row19955,1,1
7,6,row12894,1,1
8,7,row07094,1,1
7,8,row21158,-1,1
7,8,row06589,-1,1
12,11,row12264,1,1
6,5,row18926,1,1
9,10,row08065,-1,1
4,5,row23215,-1,1
0,1,row00174,-1,1
11,12,row10604,-1,1
9,8,row18057,1,1
7,8,row21460,-1,1
7,6,row06338,1,1
7,8,row21273,-1,1
9,10,row07731,-1,1
7,6,row12784,1,1
11,10,row10199,1,1
9,10,row17913,-1,1
7,6,row20618,1,1
5,6,row03970,-1,1
6,7,row16259,-1,1
8,7,row17212,1,1
8,7,row07184,1,1
4,3,row02934,1,1
6,7,row05541,-1,1
9,8,row18474,1,1
6,5,row15477,1,1
7,6,row22344,1,1
7,6,row20743,1,1
6,7,row19074,-1,1
6,7,row16129,-1,1
2,3,row01711,-1,1
7,6,row12984,1,1
6,5,row18927,1,1
7,8,row21291,-1,1
9,10,row08655,-1,1
7,6,row12937,1,1
6,5,row05348,1,1
10,9,row09110,1,1
6,7,row15285,-1,1
6,7,row05790,-1,1
7,6,row06342,1,1
8,7,row14092,1,1
0,1,row00443,-1,1
6,7,row16080,-1,1
4,5,row03007,-1,1
7,6,row06614,1,1
5,4,row04396,1,1
6,5,row04788,1,1
7,6,row13003,1,1
8,9,row17690,-1,1
8,7,row16904,1,1
4,5,row23289,-1,1
10,9,row08988,1,1
6,5,row19328,1,1
3,2,row01896,1,1
6,7,row19783,-1,1
7,6,row20987,1,1
2,3,row01231,-1,1
3,4,row01963,-1,1
7,6,row12572,1,1
6,7,row20110,-1,1
7,6,row22143,1,1
4,3,row03201,1,1
6,7,row04795,-1,1
6,5,row18967,1,1
6,5,row15373,1,1
6,5,row04690,1,1
7,6,row22910,1,1
5,4,row03755,1,1
8,9,row13922,-1,1
3,2,row01952,1,1
7,6,row12777,1,1
6,7,row15317,-1,1
6,7,row15441,-1,1
11,10,row09896,1,1
7,6,row12927,1,1
7,8,row21882,-1,1
6,5,row19021,1,1
7,8,row21228,-1,1
7,8,row06611,-1,1
7,6,row12431,1,1
10,9,row09462,1,1
4,3,row03339,1,1
5,4,row03549,1,1
6,7,row15867,-1,1
5,4,row03632,1,1
8,9,row14073,-1,1
6,5,row15755,1,1
8,7,row17334,1,1
8,9,row14091,-1,1
7,8,row22121,-1,1
6,7,row16610,-1,1
9,10,row18285,-1,1
8,7,row17307,1,1
3,4,row02104,-1,1
8,7,row17047,1,1
5,4,row13216,1,1
10,9,row09435,1,1
8,7,row07156,1,1
5,4,row04231,1,1
9,10,row08537,-1,1
5,4,row13481,1,1
7,6,row20823,1,1
6,7,row18785,-1,1
8,7,row14074,1,1
6,5,row05920,1,1
7,8,row12843,-1,1
7,6,row12726,1,1
6,7,row15547,-1,1
6,7,row15220,-1,1
8,9,row14263,-1,1
5,6,row03521,-1,1
6,5,row16599,1,1
5,4,row03764,1,1
5,4,row03768,1,1
6,5,row04632,1,1
7,6,row22969,1,1
8,7,row07343,1,1
6,5,row16234,1,1
7,8,row21326,-1,1
5,6,row03434,-1,1
5,6,row04455,-1,1
7,6,row21710,1,1
9,10,row08606,-1,1
10,11,row08672,-1,1
6,7,row19791,-1,1
5,4,row13531,1,1
11,10,row10691,1,1
4,3,row23484,1,1
7,8,row21333,-1,1
9,8,row08376,1,1
5,6,row04190,-1,1
6,7,row05828,-1,1
5,6,row13134,-1,1
10,9,row09066,1,1
11,10,row09662,1,1
6,7,row15396,-1,1
6,7,row19213,-1,1
9,10,row18062,-1,1
4,3,row02710,1,1
7,6,row21912,1,1
10,9,row09349,1,1
8,7,row14768,1,1
9,10,row17915,-1,1
6,7,row05757,-1,1
6,5,row04983,1,1
7,8,row06675,-1,1
9,10,row18365,-1,1
7,8,row22015,-1,1
5,4,row03672,1,1
9,10,row08167,-1,1
7,8,row21197,-1,1
6,7,row15610,-1,1
10,9,row09157,1,1
4,5,row03055,-1,1
7,6,row22799,1,1
5,4,row03660,1,1
3,2,row02357,1,1
7,6,row12683,1,1
2,3,row01646,-1,1
6,7,row04813,-1,1
7,8,row21530,-1,1
9,10,row17886,-1,1
1,0,row00789,1,1
11,10,row09742,1,1
6,7,row15328,-1,1
7,6,row13002,1,1
3,2,row02042,1,1
10,11,row08741,-1,1
5,4,row03759,1,1
6,7,row16276,-1,1
5,6,row04176,-1,1
6,7,row15253,-1,1
5,4,row03483,1,1
7,8,row21243,-1,1
8,7,row07080,1,1
7,8,row12508,-1,1
4,3,row02918,1,1
11,10,row10372,1,1
7,6,row21879,1,1
5,4,row04040,1,1
6,7,row05195,-1,1
6,5,row05925,1,1
5,4,row03869,1,1
2,1,row01068,1,1
6,5,row20540,1,1
5,6,row13746,-1,1
7,8,row21299,-1,1
10,9,row09063,1,1
6,7,row20431,-1,1
4,5,row23256,-1,1
5,4,row03487,1,1
6,7,row15394,-1,1
10,9,row09442,1,1
10,9,row09473,1,1
5,6,row13381,-1,1
6,7,row16300,-1,1
6,7,row05219,-1,1
7,8,row21323,-1,1
8,7,row17418,1,1
4,5,row23188,-1,1
4,5,row02895,-1,1
6,7,row19394,-1,1
6,7,row15229,-1,1
8,7,row07512,1,1
5,4,row03927,1,1
6,5,row05707,1,1
7,8,row06571,-1,1
6,5,row19197,1,1
5,4,row13350,1,1
9,10,row07866,-1,1
6,5,row20155,1,1
7,8,row21251,-1,1
6,7,row15598,-1,1
6,7,row16267,-1,1
9,8,row08382,1,1
7,8,row06620,-1,1
3,2,row01826,1,1
8,7,row16870,1,1
5,6,row13176,-1,1
6,7,row05259,-1,1
11,10,row10210,1,1
6,5,row04757,1,1
6,7,row20117,-1,1
7,8,row21881,-1,1
6,7,row20303,-1,1
6,7,row16003,-1,1
9,8,row18099,1,1
7,8,row06092,-1,1
10,11,row09487,-1,1
9,8,row08345,1,1
11,10,row10224,1,1
4,3,row03009,1,1
6,5,row04582,1,1
6,7,row16019,-1,1
4,3,row03321,1,1
4,5,row23727,-1,1
5,6,row13699,-1,1
8,7,row17309,1,1
6,7,row19856,-1,1
7,8,row21548,-1,1
6,7,row15831,-1,1
8,7,row14077,1,1
7,6,row06173,1,1
5,4,row03534,1,1
7,6,row12924,1,1
7,6,row12786,1,1
6,5,row04567,1,1
6,7,row16108,-1,1
6,7,row05288,-1,1
6,7,row19252,-1,1
8,7,row14457,1,1
6,7,row19761,-1,1
7,6,row22743,1,1
7,8,row22942,-1,1
7,6,row06166,1,1
4,3,row23546,1,1
7,8,row22349,-1,1
6,7,row16385,-1,1
8,9,row15070,-1,1
6,7,row16509,-1,1
7,6,row12687,1,1
5,4,row03890,1,1
5,6,row04417,-1,1
9,10,row18085,-1,1
5,6,row04367,-1,1
9,10,row18202,-1,1
9,10,row18649,-1,1
7,6,row06790,1,1
6,7,row05308,-1,1
8,9,row17336,-1,1
6,5,row05678,1,1
6,5,row05915,1,1
7,6,row22417,1,1
8,7,row16931,1,1
10,9,row09337,1,1
8,7,row14802,1,1
4,5,row02883,-1,1
5,4,row03876,1,1
7,8,row12911,-1,1
6,5,row20331,1,1
4,5,row23298,-1,1
3,2,row02049,1,1
6,7,row19314,-1,1
4,5,row02894,-1,1
8,7,row07351,1,1
8,7,row14579,1,1
6,7,row15264,-1,1
11,10,row09926,1,1
6,5,row05595,1,1
9,10,row17892,-1,1
5,4,row03751,1,1
4,5,row02888,-1,1
7,6,row22436,1,1
9,10,row17871,-1,1
10,9,row09244,1,1
7,8,row12741,-1,1
7,8,row21436,-1,1
8,7,row07685,1,1
5,4,row03794,1,1
7,8,row20979,-1,1
6,5,row19589,1,1
5,4,row03806,1,1
6,7,row18749,-1,1
9,8,row08105,1,1
11,12,row10529,-1,1
9,10,row18040,-1,1
6,7,row15336,-1,1
4,3,row03219,1,1
4,3,row02981,1,1
7,8,row22686,-1,1
9,8,row18624,1,1
9,10,row17956,-1,1
1,0,row00762,1,1
10,11,row08925,-1,1
7,8,row21944,-1,1
5,4,row03451,1,1
10,9,row09517,1,1
6,5,row05016,1,1
5,4,row03624,1,1
7,6,row06810,1,1
6,5,row20410,1,1
8,9,row13908,-1,1
7,8,row21939,-1,1
7,6,row06920,1,1
6,5,row05296,1,1
9,10,row17894,-1,1
7,8,row06570,-1,1
10,11,row09455,-1,1
7,6,row12997,1,1
6,5,row04758,1,1
8,9,row16651,-1,1
4,5,row23423,-1,1
8,9,row14034,-1,1
6,5,row15883,1,1
8,7,row07452,1,1
10,9,row09023,1,1
6,7,row20394,-1,1
6,5,row15699,1,1
7,8,row21506,-1,1
8,7,row16914,1,1
8,9,row13834,-1,1
10,9,row09148,1,1
7,6,row20620,1,1
6,7,row15257,-1,1
6,5,row15684,1,1
5,4,row03874,1,1
7,6,row22440,1,1
10,9,row09125,1,1
7,8,row20645,-1,1
5,4,row04132,1,1
8,7,row17048,1,1
4,3,row23650,1,1
5,6,row13327,-1,1
7,6,row06156,1,1
6,7,row05189,-1,1
5,4,row03851,1,1
7,8,row22044,-1,1
7,8,row21750,-1,1
6,7,row16053,-1,1
6,7,row15930,-1,1
6,5,row15332,1,1
8,7,row07323,1,1
10,9,row09450,1,1
7,6,row20662,1,1
6,5,row20452,1,1
8,7,row07187,1,1
6,5,row19877,1,1
6,7,row16467,-1,1
4,3,row23714,1,1
6,7,row19670,-1,1
6,5,row15794,1,1
7,6,row06153,1,1
6,7,row19620,-1,1
4,5,row02621,-1,1
6,5,row20490,1,1
6,7,row05690,-1,1
6,7,row19366,-1,1
6,5,row16014,1,1
6,5,row04720,1,1
4,5,row23222,-1,1
4,5,row02543,-1,1
7,6,row06400,1,1
9,10,row08014,-1,1
6,5,row05648,1,1
5,4,row03875,1,1
5,4,row03685,1,1
7,8,row12826,-1,1
6,7,row16632,-1,1
9,8,row08301,1,1
0,1,row00277,-1,1
6,7,row16415,-1,1
6,5,row19997,1,1
9,8,row08344,1,1
5,4,row03758,1,1
6,7,row19612,-1,1
8,7,row14474,1,1
6,7,row20125,-1,1
2,3,row01213,-1,1
7,8,row12899,-1,1
6,5,row20518,1,1
4,5,row02951,-1,1
9,10,row08038,-1,1
7,8,row06663,-1,1
7,6,row06651,1,1
7,6,row12738,1,1
8,7,row15031,1,1
6,5,row05929,1,1
6,7,row20100,-1,1
7,8,row06138,-1,1
8,7,row14321,1,1
7,8,row22433,-1,1
7,8,row21510,-1,1
6,5,row16344,1,1
7,6,row06439,1,1
8,7,row15162,1,1
6,7,row20143,-1,1
7,8,row06800,-1,1
6,7,row05693,-1,1
6,7,row18710,-1,1
7,8,row20999,-1,1
9,10,row18463,-1,1
6,7,row16223,-1,1
6,5,row19153,1,1
8,7,row14947,1,1
6,7,row05267,-1,1
7,6,row20706,1,1
6,7,row19462,-1,1
9,10,row07718,-1,1
5,4,row03693,1,1
6,5,row20228,1,1
6,5,row20505,1,1
6,7,row18723,-1,1
11,10,row09637,1,1
6,7,row19603,-1,1
8,7,row07533,1,1
10,9,row08963,1,1
7,8,row12926,-1,1
7,6,row22971,1,1
8,7,row14479,1,1
8,9,row16662,-1,1
6,7,row16055,-1,1
6,7,row19077,-1,1
6,7,row04906,-1,1
6,7,row19496,-1,1
5,4,row04155,1,1
7,6,row23046,1,1
6,7,row16305,-1,1
5,4,row13530,1,1
6,7,row16248,-1,1
7,6,row12976,1,1
6,5,row05095,1,1
6,7,row19900,-1,1
6,5,row06003,1,1
7,6,row06260,1,1
9,8,row08064,1,1
6,7,row15355,-1,1
6,5,row04966,1,1
9,10,row17943,-1,1
6,7,row15465,-1,1
7,8,row22581,-1,1
10,9,row09263,1,1
9,10,row07757,-1,1
6,5,row20539,1,1
8,7,row17541,1,1
7,6,row21535,1,1
8,9,row13936,-1,1
7,8,row21901,-1,1
7,6,row22865,1,1
8,7,row07246,1,1
5,6,row13076,-1,1
6,5,row05654,1,1
5,4,row13173,1,1
8,7,row07412,1,1
6,7,row04842,-1,1
7,8,row22930,-1,1
5,6,row04362,-1,1
7,8,row22679,-1,1
8,7,row14883,1,1
8,7,row17525,1,1
5,6,row13269,-1,1
2,3,row01480,-1,1
6,7,row18706,-1,1
7,6,row23056,1,1
7,6,row20976,1,1
4,3,row03244,1,1
6,7,row15460,-1,1
6,7,row20080,-1,1
6,7,row19481,-1,1
6,7,row19684,-1,1
5,6,row13622,-1,1
9,10,row08652,-1,1
6,7,row16407,-1,1
11,10,row09607,1,1
7,6,row06564,1,1
7,6,row23061,1,1
6,7,row16606,-1,1
6,5,row04661,1,1
6,5,row05538,1,1
8,7,row07284,1,1
4,5,row23304,-1,1
7,6,row06562,1,1
5,4,row03501,1,1
6,7,row15329,-1,1
6,5,row05735,1,1
7,6,row12794,1,1
7,6,row06501,1,1
7,6,row22182,1,1
8,7,row16942,1,1
6,5,row20481,1,1
0,1,row00460,-1,1
5,4,row13101,1,1
6,7,row20366,-1,1
6,5,row20337,1,1
8,7,row15055,1,1
6,5,row05852,1,1
10,11,row09006,-1,1
8,9,row13888,-1,1
8,9,row14671,-1,1
7,8,row12395,-1,1
7,8,row21368,-1,1
6,5,row05455,1,1
5,4,row03603,1,1
3,2,row01999,1,1
6,7,row19084,-1,1
5,6,row04383,-1,1
9,10,row18146,-1,1
6,7,row15958,-1,1
7,6,row06180,1,1
6,5,row16007,1,1
6,7,row15421,-1,1
6,7,row16222,-1,1
6,7,row15959,-1,1
5,4,row13290,1,1
3,4,row01814,-1,1
5,6,row13708,-1,1
6,7,row04711,-1,1
7,8,row22985,-1,1
6,5,row20002,1,1
5,4,row13342,1,1
7,8,row21537,-1,1
6,5,row19091,1,1
5,4,row04354,1,1
7,8,row21632,-1,1
7,8,row22548,-1,1
6,7,row05452,-1,1
10,9,row08861,1,1
7,8,row21192,-1,1
7,6,row22439,1,1
6,7,row19145,-1,1
6,7,row20355,-1,1
11,12,row10933,-1,1
4,3,row23329,1,1
5,6,row03481,-1,1
6,7,row16390,-1,1
6,5,row05226,1,1
8,9,row15147,-1,1
9,8,row08086,1,1
5,4,row03866,1,1
9,10,row18295,-1,1
5,6,row13043,-1,1
11,10,row09860,1,1
7,8,row21959,-1,1
1,0,row00520,1,1
7,6,row12472,1,1
7,6,row12684,1,1
5,6,row03558,-1,1
8,9,row17644,-1,1
9,10,row18384,-1,1
5,4,row03898,1,1
7,7,row20830,0,0
7,7,row06080,0,0
7,7,row12471,0,0
10,10,row09478,0,0
9,9,row07932,0,0
7,7,row12409,0,0
10,10,row09175,0,0
8,8,row14072,0,0
0,0,row00111,0,0
12,12,row12208,0,0
6,6,row16247,0,0
12,12,row11681,0,0
11,11,row10701,0,0
7,7,row22609,0,0
12,12,row11549,0,0
11,11,row10841,0,0
6,6,row20537,0,0
8,8,row07249,0,0
1,1,row00859,0,0
8,8,row14107,0,0
6,6,row19413,0,0
7,7,row06181,0,0
11,11,row09989,0,0
11,11,row10162,0,0
7,7,row21781,0,0
5,5,row13127,0,0
1,1,row00832,0,0
9,9,row07957,0,0
6,6,row04783,0,0
5,5,row03457,0,0
10,10,row09258,0,0
6,6,row19676,0,0
9,9,row18163,0,0
11,11,row09777,0,0
7,7,row22687,0,0
0,0,row00102,0,0
12,12,row12320,0,0
8,8,row14808,0,0
8,8,row14717,0,0
6,6,row20353,0,0
12,12,row11472,0,0
2,2,row01218,0,0
9,9,row18325,0,0
3,3,row02257,0,0
4,4,row23281,0,0
4,4,row02970,0,0
12,12,row11565,0,0
11,11,row10635,0,0
5,5,row03923,0,0
12,12,row11276,0,0
12,12,row11428,0,0
12,12,row12278,0,0
2,2,row01465,0,0
7,7,row22792,0,0
7,7,row22428,0,0
12,12,row11305,0,0
11,11,row10782,0,0
6,6,row16295,0,0
12,12,row12042,0,0
6,6,row15256,0,0
6,6,row04611,0,0
7,7,row21943,0,0
11,11,row10956,0,0
1,1,row00621,0,0
7,7,row21010,0,0
11,11,row09915,0,0
2,2,row00931,0,0
7,7,row21488,0,0
4,4,row23667,0,0
11,11,row10208,0,0
8,8,row14181,0,0
4,4,row03070,0,0
12,12,row11756,0,0
8,8,row17127,0,0
12,12,row11109,0,0
7,7,row06196,0,0
3,3,row02144,0,0
6,6,row19698,0,0
6,6,row16572,0,0
12,12,row11994,0,0
6,6,row05643,0,0
8,8,row06983,0,0
0,0,row00323,0,0
7,7,row06359,0,0
8,8,row13823,0,0
1,1,row00476,0,0
6,6,row04873,0,0
7,7,row22185,0,0
1,1,row00703,0,0
1,1,row00662,0,0
1,1,row00744,0,0
2,2,row01546,0,0
5,5,row03444,0,0
8,8,row16763,0,0
12,12,row12247,0,0
4,4,row23377,0,0
3,3,row02057,0,0
11,11,row10070,0,0
12,12,row11815,0,0
4,4,row23401,0,0
12,12,row11043,0,0
7,7,row20818,0,0
11,11,row10043,0,0
11,11,row10474,0,0
6,6,row15506,0,0
8,8,row16807,0,0
2,2,row01338,0,0
6,6,row18669,0,0
2,2,row01676,0,0
6,6,row16020,0,0
5,5,row03861,0,0
11,11,row09612,0,0
6,6,row16119,0,0
9,9,row07912,0,0
10,10,row09465,0,0
11,11,row10291,0,0
8,8,row15160,0,0
6,6,row05038,0,0
6,6,row19407,0,0
2,2,row01632,0,0
5,5,row03958,0,0
9,9,row07967,0,0
11,11,row09736,0,0
4,4,row02591,0,0
12,12,row12055,0,0
12,12,row11494,0,0
7,7,row20740,0,0
11,11,row10229,0,0
8,8,row17146,0,0
12,12,row12006,0,0
10,10,row09209,0,0
4,4,row23718,0,0
7,7,row22281,0,0
12,12,row11525,0,0
11,11,row10176,0,0
4,4,row23626,0,0
3,3,row02148,0,0
4,4,row23395,0,0
3,3,row01977,0,0
7,7,row20639,0,0
6,6,row20334,0,0
11,11,row10789,0,0
6,6,row20099,0,0
12,12,row11792,0,0
7,7,row20980,0,0
12,12,row12075,0,0
7,7,row12555,0,0
0,0,row00366,0,0
0,0,row00343,0,0
11,11,row10007,0,0
11,11,row10441,0,0
3,3,row01852,0,0
9,9,row07803,0,0
3,3,row01875,0,0
12,12,row11740,0,0
7,7,row20859,0,0
12,12,row12160,0,0
11,11,row09623,0,0
8,8,row15067,0,0
12,12,row11733,0,0
3,3,row01861,0,0
5,5,row04434,0,0
12,12,row11354,0,0
8,8,row14588,0,0
12,12,row11893,0,0
12,12,row11634,0,0
9,9,row17895,0,0
5,5,row03456,0,0
12,12,row11799,0,0
6,6,row19279,0,0
4,4,row02964,0,0
8,8,row14320,0,0
5,5,row13461,0,0
9,9,row07883,0,0
8,8,row14300,0,0
7,7,row21867,0,0
5,5,row03691,0,0
1,1,row00667,0,0
5,5,row13750,0,0
6,6,row05235,0,0
1,1,row00837,0,0
12,12,row11365,0,0
11,11,row10319,0,0
8,8,row17266,0,0
7,7,row06896,0,0
11,11,row10101,0,0
7,7,row22210,0,0
5,5,row13552,0,0
2,2,row01715,0,0
11,11,row10156,0,0
6,6,row16637,0,0
7,7,row20937,0,0
6,6,row18811,0,0
7,7,row22578,0,0
12,12,row11511,0,0
11,11,row10813,0,0
11,11,row10546,0,0
12,12,row11989,0,0
10,10,row09070,0,0
9,9,row07887,0,0
6,6,row05759,0,0
7,7,row20638,0,0
8,8,row17138,0,0
12,12,row11385,0,0
3,3,row02306,0,0
6,6,row20165,0,0
12,12,row11569,0,0
8,8,row14758,0,0
1,1,row00585,0,0
5,5,row04430,0,0
6,6,row16284,0,0
8,8,row15064,0,0
5,5,row13376,0,0
9,9,row17959,0,0
5,5,row04068,0,0
11,11,row09901,0,0
4,4,row02562,0,0
5,5,row04020,0,0
2,2,row01422,0,0
4,4,row23717,0,0
6,6,row04773,0,0
6,6,row04723,0,0
3,3,row02457,0,0
11,11,row10122,0,0
7,7,row21422,0,0
7,7,row22737,0,0
9,9,row07801,0,0
4,4,row03058,0,0
6,6,row19000,0,0
1,1,row00765,0,0
4,4,row23426,0,0
7,7,row06755,0,0
0,0,row00370,0,0
3,3,row02033,0,0
6,6,row20448,0,0
4,4,row02849,0,0
5,5,row04270,0,0
4,4,row23429,0,0
6,6,row15746,0,0
11,11,row10165,0,0
10,10,row08716,0,0
5,5,row13437,0,0
2,2,row01530,0,0
11,11,row10203,0,0
1,1,row00874,0,0
7,7,row23165,0,0
9,9,row07952,0,0
5,5,row03429,0,0
11,11,row10120,0,0
7,7,row20674,0,0
10,10,row09398,0,0
5,5,row04464,0,0
0,0,row00183,0,0
7,7,row21673,0,0
9,9,row08201,0,0
12,12,row11145,0,0
7,7,row22113,0,0
12,12,row11816,0,0
11,11,row10590,0,0
4,4,row03226,0,0
11,11,row10869,0,0
0,0,row00270,0,0
0,0,row00334,0,0
6,6,row16453,0,0
12,12,row11016,0,0
8,8,row14886,0,0
2,2,row01343,0,0
12,12,row11119,0,0
6,6,row20359,0,0
6,6,row19127,0,0
6,6,row04802,0,0
2,2,row01680,0,0
4,4,row03250,0,0
10,10,row09076,0,0
10,10,row09410,0,0
6,6,row20053,0,0
7,7,row12597,0,0
9,9,row08294,0,0
7,7,row20860,0,0
6,6,row15624,0,0
7,7,row06098,0,0
12,12,row11202,0,0
12,12,row12361,0,0
6,6,row16598,0,0
12,12,row11234,0,0
6,6,row18795,0,0
6,6,row19289,0,0
11,11,row09920,0,0
10,10,row09481,0,0
7,7,row06825,0,0
0,0,row00355,0,0
7,7,row22041,0,0
3,3,row01878,0,0
12,12,row11924,0,0
5,5,row13445,0,0
1,1,row00576,0,0
2,2,row01109,0,0
8,8,row13952,0,0
10,10,row08731,0,0
4,4,row03350,0,0
4,4,row23677,0,0
5,5,row03712,0,0
11,11,row10908,0,0
9,9,row08237,0,0
8,8,row14430,0,0
8,8,row07023,0,0
7,7,row21005,0,0
9,9,row18050,0,0
6,6,row05827,0,0
12,12,row12285,0,0
6,6,row20109,0,0
1,1,row00632,0,0
5,5,row03798,0,0
6,6,row04573,0,0
12,12,row11581,0,0
12,12,row11168,0,0
6,6,row20479,0,0
2,2,row01752,0,0
4,4,row23357,0,0
7,7,row12718,0,0
7,7,row21640,0,0
6,6,row05299,0,0
11,11,row10614,0,0
6,6,row05316,0,0
7,7,row12853,0,0
11,11,row10488,0,0
9,9,row18289,0,0
5,5,row13682,0,0
8,8,row07058,0,0
8,8,row16764,0,0
7,7,row20780,0,0
3,3,row02344,0,0
9,9,row08074,0,0
4,4,row02718,0,0
8,8,row14984,0,0
7,7,row22330,0,0
12,12,row11911,0,0
8,8,row14670,0,0
6,6,row05236,0,0
9,9,row18124,0,0
11,11,row09838,0,0
6,6,row15486,0,0
4,4,row23276,0,0
7,7,row21855,0,0
8,8,row14275,0,0
5,5,row13045,0,0
6,6,row19490,0,0
7,7,row21000,0,0
1,1,row00795,0,0
7,7,row21313,0,0
6,6,row05210,0,0
1,1,row00629,0,0
4,4,row23269,0,0
7,7,row20919,0,0
8,8,row14391,0,0
8,8,row16923,0,0
6,6,row18843,0,0
2,2,row01436,0,0
8,8,row07405,0,0
6,6,row20205,0,0
3,3,row02368,0,0
2,2,row01403,0,0
12,12,row12280,0,0
12,12,row12104,0,0
4,4,row23205,0,0
5,5,row13725,0,0
8,8,row14237,0,0
5,5,row04027,0,0
11,11,row10207,0,0
6,6,row15271,0,0
4,4,row02778,0,0
12,12,row11058,0,0
11,11,row09672,0,0
11,11,row10341,0,0
0,0,row00001,0,0
4,4,row02824,0,0
0,0,row00378,0,0
8,8,row13872,0,0
8,8,row17036,0,0
6,6,row04682,0,0
12,12,row12027,0,0
2,2,row01027,0,0
5,5,row03765,0,0
6,6,row05986,0,0
0,0,row00067,0,0
4,4,row23355,0,0
7,7,row12956,0,0
6,6,row04626,0,0
0,0,row00347,0,0
1,1,row00498,0,0
7,7,row20917,0,0
4,4,row23400,0,0
7,7,row12764,0,0
12,12,row12058,0,0
5,5,row13739,0,0
11,11,row10231,0,0
8,8,row17109,0,0
11,11,row10222,0,0
7,7,row22039,0,0
12,12,row12288,0,0
7,7,row21536,0,0
5,5,row03459,0,0
11,11,row10721,0,0
4,4,row23704,0,0
8,8,row14327,0,0
11,11,row09763,0,0
6,6,row05780,0,0
8,8,row14547,0,0
12,12,row11898,0,0
7,7,row22688,0,0
9,9,row08117,0,0
5,5,row13608,0,0
12,12,row12207,0,0
3,3,row01931,0,0
1,1,row00671,0,0
5,5,row04272,0,0
9,9,row08186,0,0
12,12,row11797,0,0
7,7,row20814,0,0
4,4,row23253,0,0
9,9,row17864,0,0
7,7,row21970,0,0
3,3,row01797,0,0
9,9,row08211,0,0
8,8,row14240,0,0
9,9,row17902,0,0
9,9,row18004,0,0
0,0,row00211,0,0
8,8,row14726,0,0
6,6,row19156,0,0
12,12,row11052,0,0
3,3,row02204,0,0
4,4,row02709,0,0
6,6,row19157,0,0
5,5,row03462,0,0
7,7,row22304,0,0
7,7,row20666,0,0
0,0,row00065,0,0
4,4,row23634,0,0
7,7,row06555,0,0
11,11,row10759,0,0
11,11,row10226,0,0
11,11,row10318,0,0
8,8,row14836,0,0
11,11,row10795,0,0
7,7,row12746,0,0
3,3,row02004,0,0
6,6,row19535,0,0
1,1,row00649,0,0
8,8,row15077,0,0
1,1,row00513,0,0
4,4,row02947,0,0
9,9,row17955,0,0
5,5,row03418,0,0
11,11,row09840,0,0
6,6,row18775,0,0
4,4,row02588,0,0
6,6,row19543,0,0
6,6,row19512,0,0
5,5,row04437,0,0
9,9,row08116,0,0
11,11,row10592,0,0
6,6,row19699,0,0
2,2,row01584,0,0
7,7,row12967,0,0
11,11,row10265,0,0
2,2,row01411,0,0
12,12,row11301,0,0
1,1,row00877,0,0
4,4,row23300,0,0
2,2,row01624,0,0
8,8,row14301,0,0
1,1,row00783,0,0
7,7,row22640,0,0
5,5,row13272,0,0
9,9,row18580,0,0
3,3,row02463,0,0
5,5,row03694,0,0
4,4,row03117,0,0
9,9,row17889,0,0
10,10,row09122,0,0
8,8,row14130,0,0
12,12,row11248,0,0
6,6,row20120,0,0
6,6,row04805,0,0
4,4,row23684,0,0
8,8,row14396,0,0
7,7,row20673,0,0
7,7,row06131,0,0
5,5,row13428,0,0
12,12,row11934,0,0
10,10,row09106,0,0
4,4,row03109,0,0
0,0,row00345,0,0
6,6,row19804,0,0
7,7,row21406,0,0
9,9,row07832,0,0
11,11,row10431,0,0
7,7,row22711,0,0
7,7,row22677,0,0
7,7,row12898,0,0
5,5,row03440,0,0
8,8,row16995,0,0
10,10,row08761,0,0
7,7,row12759,0,0
12,12,row12089,0,0
11,11,row10175,0,0
6,6,row04814,0,0
12,12,row11988,0,0
6,6,row20437,0,0
10,10,row09081,0,0
7,7,row12845,0,0
11,11,row10027,0,0
12,12,row11041,0,0
4,4,row02961,0,0
6,6,row19625,0,0
1,1,row00615,0,0
7,7,row22944,0,0
4,4,row23294,0,0
12,12,row12335,0,0
11,11,row09992,0,0
7,7,row20824,0,0
6,6,row19652,0,0
0,0,row00337,0,0
8,8,row16739,0,0
7,7,row20854,0,0
2,2,row01399,0,0
8,8,row16775,0,0
6,6,row19004,0,0
5,5,row04208,0,0
5,5,row03404,0,0
2,2,row01557,0,0
9,9,row17887,0,0
6,6,row19415,0,0
11,11,row09935,0,0
1,1,row00839,0,0
9,9,row08175,0,0
6,6,row18680,0,0
6,6,row20105,0,0
12,12,row11981,0,0
11,11,row10797,0,0
9,9,row07913,0,0
11,11,row10513,0,0
6,6,row15409,0,0
0,0,row00461,0,0
9,9,row08609,0,0
12,12,row11105,0,0
7,7,row06937,0,0
0,0,row00099,0,0
0,0,row00326,0,0
11,11,row09702,0,0
10,10,row09550,0,0
10,10,row08810,0,0
9,9,row08240,0,0
9,9,row07901,0,0
6,6,row05703,0,0
8,8,row14959,0,0
9,9,row07809,0,0
11,11,row09776,0,0
8,8,row17095,0,0
8,8,row15118,0,0
8,8,row14850,0,0
7,7,row20650,0,0
7,7,row20862,0,0
9,9,row07892,0,0
7,7,row06197,0,0
8,8,row13846,0,0
6,6,row16490,0,0
1,1,row00857,0,0
5,5,row13135,0,0
3,3,row02373,0,0
12,12,row12156,0,0
5,5,row03786,0,0
4,4,row02898,0,0
6,6,row18705,0,0
5,5,row13716,0,0
6,6,row19149,0,0
12,12,row11966,0,0
7,7,row12940,0,0
6,6,row16354,0,0
3,3,row01841,0,0
8,8,row07224,0,0
7,7,row12531,0,0
0,0,row00302,0,0
6,6,row15671,0,0
3,3,row02300,0,0
12,12,row11399,0,0
11,11,row09918,0,0
9,9,row08156,0,0
7,7,row06673,0,0
7,7,row06258,0,0
4,4,row02501,0,0
11,11,row10949,0,0
6,6,row05088,0,0
11,11,row10762,0,0
11,11,row10594,0,0
6,6,row04629,0,0
9,9,row08306,0,0
4,4,row03142,0,0
6,6,row16180,0,0
2,2,row00985,0,0
2,2,row01394,0,0
7,7,row06904,0,0
4,4,row23554,0,0
12,12,row11161,0,0
4,4,row03162,0,0
8,8,row14217,0,0
4,4,row23371,0,0
6,6,row04701,0,0
5,5,row13604,0,0
6,6,row19532,0,0
9,9,row18611,0,0
12,12,row11802,0,0
6,6,row05390,0,0
11,11,row10912,0,0
9,9,row08180,0,0
12,12,row11570,0,0
2,2,row01740,0,0
12,12,row12044,0,0
0,0,row00231,0,0
10,10,row09181,0,0
11,11,row10470,0,0
3,3,row01809,0,0
9,9,row18598,0,0
7,7,row06436,0,0
11,11,row10914,0,0
10,10,row08996,0,0
12,12,row11556,0,0
1,1,row00678,0,0
11,11,row09902,0,0
12,12,row11508,0,0
7,7,row21761,0,0
7,7,row22797,0,0
4,4,row23181,0,0
11,11,row10890,0,0
7,7,row21016,0,0
3,3,row01926,0,0
7,7,row22186,0,0
9,9,row07890,0,0
6,6,row19604,0,0
6,6,row05755,0,0
0,0,row00070,0,0
12,12,row11881,0,0
11,11,row09750,0,0
2,2,row01333,0,0
12,12,row11028,0,0
7,7,row06691,0,0
12,12,row11977,0,0
11,11,row10023,0,0
7,7,row22119,0,0
12,12,row11595,0,0
9,9,row18194,0,0
3,3,row02423,0,0
0,0,row00436,0,0
7,7,row20687,0,0
4,4,row03036,0,0
6,6,row15696,0,0
11,11,row09631,0,0
7,7,row22218,0,0
11,11,row10340,0,0
12,12,row11614,0,0
12,12,row11747,0,0
12,12,row12337,0,0
6,6,row05234,0,0
9,9,row18433,0,0
6,6,row05818,0,0
7,7,row21618,0,0
9,9,row08317,0,0
3,3,row01917,0,0
6,6,row19010,0,0
7,7,row22341,0,0
8,8,row13931,0,0
1,1,row00664,0,0
7,7,row22739,0,0
6,6,row04685,0,0
8,8,row16705,0,0
8,8,row14829,0,0
2,2,row00969,0,0
6,6,row16592,0,0
0,0,row00418,0,0
6,6,row16063,0,0
5,5,row13644,0,0
1,1,row00614,0,0
12,12,row11974,0,0
6,6,row20245,0,0
1,1,row00519,0,0
11,11,row09825,0,0
4,4,row03230,0,0
0,0,row00369,0,0
6,6,row20498,0,0
6,6,row05417,0,0
7,7,row06155,0,0
9,9,row18217,0,0
6,6,row05187,0,0
4,4,row02741,0,0
1,1,row00521,0,0
1,1,row00849,0,0
8,8,row14329,0,0
2,2,row01503,0,0
7,7,row22482,0,0
10,10,row08964,0,0
8,8,row15107,0,0
4,4,row02777,0,0
8,8,row14742,0,0
7,7,row23060,0,0
12,12,row11632,0,0
11,11,row09849,0,0
6,6,row05216,0,0
5,5,row13182,0,0
6,6,row04559,0,0
5,5,row13228,0,0
8,8,row07115,0,0
5,5,row04462,0,0
7,7,row06149,0,0
7,7,row21628,0,0
3,3,row01912,0,0
9,9,row17997,0,0
5,5,row13158,0,0
7,7,row12762,0,0
7,7,row22798,0,0
6,6,row05868,0,0
5,5,row04162,0,0
5,5,row13465,0,0
10,10,row09273,0,0
9,9,row18242,0,0
0,0,row00217,0,0
5,5,row13566,0,0
7,7,row22427,0,0
9,9,row18467,0,0
7,7,row12401,0,0
6,6,row04581,0,0
10,10,row09447,0,0
12,12,row11674,0,0
6,6,row19387,0,0
12,12,row11902,0,0
4,4,row23548,0,0
8,8,row17424,0,0
6,6,row15208,0,0
11,11,row09659,0,0
7,7,row23014,0,0
7,7,row22138,0,0
12,12,row12009,0,0
12,12,row11870,0,0
5,5,row13413,0,0
12,12,row11107,0,0
11,11,row09938,0,0
7,7,row22170,0,0
5,5,row13396,0,0
7,7,row06630,0,0
12,12,row11249,0,0
5,5,row13475,0,0
8,8,row07428,0,0
12,12,row12199,0,0
6,6,row05633,0,0
9,9,row18042,0,0
6,6,row20468,0,0
7,7,row21842,0,0
12,12,row11441,0,0
12,12,row11975,0,0
12,12,row11810,0,0
9,9,row18342,0,0
6,6,row16629,0,0
3,3,row02134,0,0
10,10,row09167,0,0
8,8,row16927,0,0
4,4,row02855,0,0
12,12,row12265,0,0
6,6,row19959,0,0
6,6,row15216,0,0
8,8,row17364,0,0
10,10,row09084,0,0
2,2,row01358,0,0
8,8,row14816,0,0
8,8,row16720,0,0
12,12,row11200,0,0
8,8,row14372,0,0
12,12,row11668,0,0
4,4,row03105,0,0
6,6,row16280,0,0
0,0,row00428,0,0
4,4,row02628,0,0
7,7,row12868,0,0
8,8,row15125,0,0
7,7,row06423,0,0
8,8,row07659,0,0
6,6,row20128,0,0
12,12,row11157,0,0
3,3,row02093,0,0
5,5,row13231,0,0
6,6,row19214,0,0
6,6,row15356,0,0
2,2,row01555,0,0
6,6,row05367,0,0
6,6,row19079,0,0
8,8,row07230,0,0
1,1,row00833,0,0
7,7,row12476,0,0
0,0,row00292,0,0
5,5,row13612,0,0
8,8,row17211,0,0
4,4,row23410,0,0
8,8,row17396,0,0
6,6,row16458,0,0
6,6,row20252,0,0
8,8,row07122,0,0
5,5,row13558,0,0
11,11,row10039,0,0
9,9,row18617,0,0
6,6,row18872,0,0
11,11,row10622,0,0
10,10,row09184,0,0
7,7,row20712,0,0
6,6,row20098,0,0
9,9,row18064,0,0
9,9,row07896,0,0
11,11,row10136,0,0
10,10,row09392,0,0
6,6,row16303,0,0
7,7,row22698,0,0
4,4,row23527,0,0
12,12,row11567,0,0
7,7,row06384,0,0
9,9,row07976,0,0
11,11,row10772,0,0
10,10,row09001,0,0
7,7,row21413,0,0
5,5,row13055,0,0
11,11,row09817,0,0
3,3,row01874,0,0
9,9,row18591,0,0
7,7,row06126,0,0
8,8,row17460,0,0
6,6,row19635,0,0
6,6,row20069,0,0
2,2,row01442,0,0
11,11,row10025,0,0
9,9,row08013,0,0
11,11,row10468,0,0
9,9,row18273,0,0
12,12,row11912,0,0
8,8,row13804,0,0
8,8,row14375,0,0
6,6,row18910,0,0
3,3,row02065,0,0
12,12,row11096,0,0
12,12,row12282,0,0
11,11,row10568,0,0
12,12,row11113,0,0
7,7,row06925,0,0
6,6,row04530,0,0
11,11,row10760,0,0
6,6,row04738,0,0
6,6,row18916,0,0
2,2,row01357,0,0
8,8,row14341,0,0
5,5,row13194,0,0
6,6,row04694,0,0
4,4,row02786,0,0
12,12,row12054,0,0
4,4,row23568,0,0
11,11,row10731,0,0
5,5,row04266,0,0
9,9,row18567,0,0
8,8,row13789,0,0
8,8,row07281,0,0
8,8,row14307,0,0
10,10,row08740,0,0
7,7,row06187,0,0
11,11,row09886,0,0
8,8,row07354,0,0
7,7,row20680,0,0
9,9,row08184,0,0
9,9,row08613,0,0
5,5,row03597,0,0
7,7,row22420,0,0
7,7,row06766,0,0
2,2,row00979,0,0
6,6,row19516,0,0
3,3,row01920,0,0
4,4,row02641,0,0
2,2,row01456,0,0
10,10,row08980,0,0
5,5,row13225,0,0
12,12,row11309,0,0
10,10,row09288,0,0
12,12,row11018,0,0
12,12,row11455,0,0
12,12,row12375,0,0
9,9,row07780,0,0
12,12,row11412,0,0
8,8,row14456,0,0
9,9,row17937,0,0
7,7,row20867,0,0
10,10,row08983,0,0
11,11,row10814,0,0
0,0,row00415,0,0
10,10,row09128,0,0
6,6,row05032,0,0
10,10,row08723,0,0
6,6,row18918,0,0
7,7,row06144,0,0
2,2,row01402,0,0
7,7,row22292,0,0
11,11,row10899,0,0
8,8,row14804,0,0
6,6,row20074,0,0
6,6,row19472,0,0
8,8,row16798,0,0
7,7,row21689,0,0
9,9,row08057,0,0
11,11,row10850,0,0
12,12,row11357,0,0
12,12,row12261,0,0
6,6,row19437,0,0
3,3,row02091,0,0
0,0,row00087,0,0
6,6,row16638,0,0
12,12,row12106,0,0
11,11,row10358,0,0
12,12,row11331,0,0
8,8,row14153,0,0
6,6,row15851,0,0
2,2,row01025,0,0
7,7,row21949,0,0
5,5,row03643,0,0
7,7,row06122,0,0
1,1,row00612,0,0
6,6,row19715,0,0
5,5,row13253,0,0
8,8,row07668,0,0
8,8,row17098,0,0
10,10,row09046,0,0
7,7,row22319,0,0
1,1,row00637,0,0
7,7,row22385,0,0
3,3,row01905,0,0
0,0,row00130,0,0
8,8,row16725,0,0
6,6,row04512,0,0
6,6,row18936,0,0
0,0,row00175,0,0
4,4,row23414,0,0
8,8,row14999,0,0
8,8,row15006,0,0
7,7,row20927,0,0
9,9,row08650,0,0
6,6,row04580,0,0
1,1,row00547,0,0
7,7,row22507,0,0
11,11,row10806,0,0
7,7,row06637,0,0
11,11,row09930,0,0
4,4,row23417,0,0
3,3,row02386,0,0
9,9,row18164,0,0
12,12,row11986,0,0
11,11,row10450,0,0
9,9,row18250,0,0
6,6,row20344,0,0
6,6,row05412,0,0
6,6,row19276,0,0
9,9,row07942,0,0
2,2,row00998,0,0
7,7,row20648,0,0
7,7,row20587,0,0
5,5,row13157,0,0
12,12,row11423,0,0
10,10,row08899,0,0
5,5,row03728,0,0
5,5,row03468,0,0
12,12,row12299,0,0
12,12,row11573,0,0
2,2,row01457,0,0
5,5,row13372,0,0
7,7,row20988,0,0
7,7,row20947,0,0
7,7,row06579,0,0
12,12,row11597,0,0
6,6,row18995,0,0
1,1,row00594,0,0
12,12,row11728,0,0
6,6,row19614,0,0
8,8,row07468,0,0
6,6,row16314,0,0
7,7,row20637,0,0
9,9,row08597,0,0
11,11,row10969,0,0
7,7,row21775,0,0
9,9,row08031,0,0
0,0,row00223,0,0
10,10,row09127,0,0
5,5,row13091,0,0
12,12,row12021,0,0
6,6,row20246,0,0
9,9,row18203,0,0
6,6,row16200,0,0
1,1,row00545,0,0
5,5,row03736,0,0
5,5,row03564,0,0
7,7,row21966,0,0
7,7,row22963,0,0
0,0,row00279,0,0
12,12,row11351,0,0
5,5,row03431,0,0
4,4,row03309,0,0
8,8,row07165,0,0
9,9,row08316,0,0
6,6,row20305,0,0
6,6,row04973,0,0
6,6,row18687,0,0
6,6,row05182,0,0
5,5,row03420,0,0
6,6,row16403,0,0
2,2,row01431,0,0
3,3,row02301,0,0
8,8,row14714,0,0
12,12,row11699,0,0
4,4,row02511,0,0
2,2,row01303,0,0
2,2,row01538,0,0
4,4,row02483,0,0
4,4,row23438,0,0
12,12,row12330,0,0
3,3,row02014,0,0
11,11,row10863,0,0
9,9,row07787,0,0
12,12,row12118,0,0
10,10,row09180,0,0
12,12,row11982,0,0
5,5,row04140,0,0
8,8,row14962,0,0
8,8,row17413,0,0
9,9,row18441,0,0
8,8,row14081,0,0
10,10,row09540,0,0
6,6,row19859,0,0
6,6,row15977,0,0
2,2,row01566,0,0
8,8,row17122,0,0
6,6,row16216,0,0
12,12,row11282,0,0
8,8,row14583,0,0
5,5,row13111,0,0
8,8,row14024,0,0
6,6,row04529,0,0
1,1,row00480,0,0
12,12,row11772,0,0
8,8,row16778,0,0
4,4,row02991,0,0
7,7,row22400,0,0
6,6,row15909,0,0
6,6,row19307,0,0
6,6,row05578,0,0
6,6,row19049,0,0
12,12,row11270,0,0
10,10,row09505,0,0
2,2,row01412,0,0
7,7,row21269,0,0
1,1,row00583,0,0
0,0,row00186,0,0
8,8,row07017,0,0
6,6,row20564,0,0
11,11,row10584,0,0
8,8,row17399,0,0
5,5,row04441,0,0
7,7,row21444,0,0
8,8,row14346,0,0
11,11,row09943,0,0
7,7,row20848,0,0
9,9,row18393,0,0
12,12,row11341,0,0
9,9,row18039,0,0
6,6,row05283,0,0
4,4,row03022,0,0
4,4,row23365,0,0
6,6,row04640,0,0
2,2,row01567,0,0
7,7,row23170,0,0
7,7,row22977,0,0
12,12,row12338,0,0
6,6,row05770,0,0
1,1,row00661,0,0
9,9,row08035,0,0
6,6,row05364,0,0
7,7,row22746,0,0
10,10,row09486,0,0
1,1,row00654,0,0
5,5,row03397,0,0
5,5,row13447,0,0
9,9,row18206,0,0
2,2,row01266,0,0
9,9,row08605,0,0
12,12,row11521,0,0
7,7,row20603,0,0
6,6,row05220,0,0
9,9,row08262,0,0
8,8,row14888,0,0
7,7,row06743,0,0
10,10,row09224,0,0
11,11,row10937,0,0
12,12,row11935,0,0
12,12,row12164,0,0
0,0,row00171,0,0
9,9,row18396,0,0
12,12,row11950,0,0
3,3,row02125,0,0
7,7,row22230,0,0
3,3,row02363,0,0
7,7,row21469,0,0
10,10,row08737,0,0
5,5,row03859,0,0
11,11,row09728,0,0
5,5,row04330,0,0
6,6,row05250,0,0
8,8,row14007,0,0
7,7,row22172,0,0
6,6,row19327,0,0
11,11,row09694,0,0
2,2,row01451,0,0
12,12,row11396,0,0
7,7,row22080,0,0
4,4,row23610,0,0
7,7,row22054,0,0
9,9,row18519,0,0
4,4,row03310,0,0
9,9,row17869,0,0
11,11,row10125,0,0
9,9,row08564,0,0
0,0,row00237,0,0
10,10,row09100,0,0
6,6,row15981,0,0
7,7,row22456,0,0
8,8,row17044,0,0
12,12,row11515,0,0
6,6,row19813,0,0
8,8,row13803,0,0
10,10,row09343,0,0
12,12,row11407,0,0
0,0,row00375,0,0
8,8,row15059,0,0
5,5,row13522,0,0
1,1,row00639,0,0
11,11,row10952,0,0
12,12,row11293,0,0
9,9,row08321,0,0
11,11,row10069,0,0
6,6,row19090,0,0
1,1,row00647,0,0
6,6,row15863,0,0
7,7,row20802,0,0
8,8,row15184,0,0
0,0,row00325,0,0
5,5,row13554,0,0
2,2,row01387,0,0
8,8,row13960,0,0
2,2,row01734,0,0
11,11,row10819,0,0
6,6,row04991,0,0
12,12,row11780,0,0
7,7,row06922,0,0
11,11,row10389,0,0
11,11,row09843,0,0
8,8,row14822,0,0
10,10,row09472,0,0
12,12,row11324,0,0
0,0,row00354,0,0
8,8,row16837,0,0
6,6,row19441,0,0
2,2,row01579,0,0
12,12,row12369,0,0
9,9,row18621,0,0
6,6,row19310,0,0
8,8,row15122,0,0
7,7,row21051,0,0
5,5,row04429,0,0
5,5,row03957,0,0
9,9,row18353,0,0
5,5,row03609,0,0
8,8,row07181,0,0
7,7,row06573,0,0
4,4,row23210,0,0
4,4,row03075,0,0
8,8,row16858,0,0
0,0,row00368,0,0
9,9,row17852,0,0
12,12,row12248,0,0
2,2,row01284,0,0
6,6,row15738,0,0
7,7,row22649,0,0
12,12,row11186,0,0
9,9,row08334,0,0
4,4,row03214,0,0
7,7,row22003,0,0
5,5,row13721,0,0
6,6,row19175,0,0
12,12,row11404,0,0
5,5,row03474,0,0
9,9,row18270,0,0
8,8,row16787,0,0
4,4,row03164,0,0
6,6,row20548,0,0
7,7,row21354,0,0
6,6,row16576,0,0
6,6,row16163,0,0
12,12,row11101,0,0
12,12,row12295,0,0
4,4,row03000,0,0
2,2,row01423,0,0
0,0,row00261,0,0
8,8,row16947,0,0
12,12,row11264,0,0
12,12,row12286,0,0
12,12,row12022,0,0
8,8,row17291,0,0
4,4,row23379,0,0
12,12,row11800,0,0
7,7,row21533,0,0
12,12,row11925,0,0
6,6,row16268,0,0
8,8,row13801,0,0
12,12,row11874,0,0
7,7,row13030,0,0
7,7,row20629,0,0
12,12,row11805,0,0
4,4,row23388,0,0
6,6,row16562,0,0
12,12,row11871,0,0
12,12,row11040,0,0
10,10,row09077,0,0
11,11,row10820,0,0
12,12,row11583,0,0
6,6,row19977,0,0
7,7,row23093,0,0
5,5,row03428,0,0
2,2,row00994,0,0
12,12,row11067,0,0
2,2,row01270,0,0
6,6,row15687,0,0
5,5,row13773,0,0
11,11,row10615,0,0
12,12,row12052,0,0
6,6,row20204,0,0
12,12,row11712,0,0
12,12,row11368,0,0
7,7,row21871,0,0
6,6,row19158,0,0
11,11,row10147,0,0
5,5,row03800,0,0
8,8,row16986,0,0
12,12,row11342,0,0
9,9,row08635,0,0
6,6,row05497,0,0
10,10,row09380,0,0
12,12,row12109,0,0
8,8,row15082,0,0
9,9,row18416,0,0
12,12,row11388,0,0
2,2,row01271,0,0
11,11,row10693,0,0
2,2,row01653,0,0
12,12,row11970,0,0
2,2,row01147,0,0
11,11,row10242,0,0
12,12,row11678,0,0
4,4,row23328,0,0
12,12,row11471,0,0
7,7,row22010,0,0
6,6,row15446,0,0
11,11,row10670,0,0
10,10,row09271,0,0
11,11,row10842,0,0
12,12,row11624,0,0
8,8,row14228,0,0
8,8,row14070,0,0
0,0,row00032,0,0
4,4,row23200,0,0
0,0,row00263,0,0
9,9,row08494,0,0
4,4,row23434,0,0
5,5,row13403,0,0
8,8,row16667,0,0
7,7,row21925,0,0
8,8,row13807,0,0
11,11,row10200,0,0
5,5,row04009,0,0
12,12,row12287,0,0
12,12,row12368,0,0
10,10,row09397,0,0
7,7,row21889,0,0
9,9,row17882,0,0
7,7,row22088,0,0
12,12,row11620,0,0
1,1,row00535,0,0
0,0,row00052,0,0
4,4,row03005,0,0
6,6,row04934,0,0
3,3,row02461,0,0
4,4,row03216,0,0
10,10,row08786,0,0
7,7,row22379,0,0
10,10,row08807,0,0
7,7,row12566,0,0
8,8,row14774,0,0
4,4,row23297,0,0
8,8,row14980,0,0
2,2,row01651,0,0
12,12,row11190,0,0
9,9,row18485,0,0
7,7,row20913,0,0
2,2,row00968,0,0
2,2,row01121,0,0
5,5,row04148,0,0
8,8,row13887,0,0
6,6,row05048,0,0
12,12,row12211,0,0
6,6,row05332,0,0
11,11,row09874,0,0
12,12,row11937,0,0
6,6,row05661,0,0
10,10,row09259,0,0
7,7,row23028,0,0
11,11,row10387,0,0
8,8,row17182,0,0
12,12,row11140,0,0
6,6,row04727,0,0
6,6,row19011,0,0
7,7,row20825,0,0
12,12,row11160,0,0
4,4,row03015,0,0
1,1,row00798,0,0
9,9,row08049,0,0
7,7,row21800,0,0
9,9,row17927,0,0
11,11,row10866,0,0
11,11,row10919,0,0
5,5,row13454,0,0
9,9,row18569,0,0
1,1,row00893,0,0
1,1,row00655,0,0
10,10,row08894,0,0
11,11,row09937,0,0
6,6,row18880,0,0
3,3,row02010,0,0
7,7,row20771,0,0
12,12,row11362,0,0
6,6,row16520,0,0
6,6,row20066,0,0
7,7,row22053,0,0
10,10,row09474,0,0
8,8,row14639,0,0
11,11,row10002,0,0
8,8,row13889,0,0
6,6,row19757,0,0
12,12,row12209,0,0
6,6,row15299,0,0
8,8,row16706,0,0
5,5,row04286,0,0
3,3,row02002,0,0
5,5,row03654,0,0
9,9,row18213,0,0
2,2,row01139,0,0
10,10,row09153,0,0
9,9,row08270,0,0
4,4,row02916,0,0
2,2,row00989,0,0
1,1,row00565,0,0
6,6,row19430,0,0
7,7,row06646,0,0
6,6,row16206,0,0
7,7,row06801,0,0
1,1,row00554,0,0
7,7,row21483,0,0
5,5,row03424,0,0
7,7,row22513,0,0
5,5,row04379,0,0
8,8,row13986,0,0
3,3,row01970,0,0
12,12,row11391,0,0
6,6,row04753,0,0
12,12,row11012,0,0
8,8,row14566,0,0
4,4,row02676,0,0
0,0,row00096,0,0
6,6,row19858,0,0
8,8,row13832,0,0
9,9,row08661,0,0
2,2,row01375,0,0
4,4,row23457,0,0
8,8,row16757,0,0
4,4,row03108,0,0
7,7,row06387,0,0
7,7,row06081,0,0
10,10,row09370,0,0
12,12,row11304,0,0
8,8,row13913,0,0
11,11,row09669,0,0
12,12,row11933,0,0
11,11,row09627,0,0
10,10,row08922,0,0
1,1,row00617,0,0
10,10,row09235,0,0
12,12,row12292,0,0
11,11,row09781,0,0
7,7,row06641,0,0
7,7,row12893,0,0
8,8,row16759,0,0
4,4,row02560,0,0
3,3,row01913,0,0
7,7,row12848,0,0
9,9,row18123,0,0
10,10,row09359,0,0
2,2,row01251,0,0
4,4,row23506,0,0
8,8,row14395,0,0
1,1,row00910,0,0
4,4,row23499,0,0
4,4,row23323,0,0
4,4,row23254,0,0
0,0,row00161,0,0
0,0,row00084,0,0
6,6,row19940,0,0
6,6,row19418,0,0
4,4,row23419,0,0
6,6,row15340,0,0
7,7,row21766,0,0
9,9,row17838,0,0
6,6,row04610,0,0
10,10,row09451,0,0
6,6,row18937,0,0
6,6,row20401,0,0
12,12,row11765,0,0
12,12,row11787,0,0
5,5,row13712,0,0
11,11,row09953,0,0
7,7,row21262,0,0
10,10,row08752,0,0
1,1,row00704,0,0
11,11,row10945,0,0
12,12,row11851,0,0
5,5,row04247,0,0
12,12,row12190,0,0
6,6,row16454,0,0
7,7,row20827,0,0
6,6,row04643,0,0
11,11,row09790,0,0
7,7,row20923,0,0
10,10,row09433,0,0
6,6,row05590,0,0
6,6,row20285,0,0
9,9,row08250,0,0
2,2,row01238,0,0
8,8,row17163,0,0
12,12,row12030,0,0
9,9,row08089,0,0
4,4,row02939,0,0
5,5,row13139,0,0
7,7,row06806,0,0
6,6,row15615,0,0
5,5,row13448,0,0
4,4,row23624,0,0
8,8,row14306,0,0
6,6,row15310,0,0
12,12,row11279,0,0
12,12,row12309,0,0
8,8,row07347,0,0
11,11,row10986,0,0
4,4,row03097,0,0
8,8,row16735,0,0
6,6,row15559,0,0
12,12,row11671,0,0
7,7,row20993,0,0
0,0,row00303,0,0
6,6,row20067,0,0
3,3,row02458,0,0
1,1,row00581,0,0
8,8,row16829,0,0
7,7,row12636,0,0
6,6,row05240,0,0
8,8,row07399,0,0
12,12,row11143,0,0
11,11,row10872,0,0
7,7,row21680,0,0
12,12,row11167,0,0
5,5,row04154,0,0
6,6,row19517,0,0
3,3,row02045,0,0
8,8,row07487,0,0
7,7,row22402,0,0
7,7,row20808,0,0
8,8,row14990,0,0
10,10,row09557,0,0
1,1,row00638,0,0
2,2,row01369,0,0
11,11,row10877,0,0
7,7,row22325,0,0
3,3,row02237,0,0
6,6,row15267,0,0
7,7,row20812,0,0
9,9,row08040,0,0
12,12,row11723,0,0
7,7,row21126,0,0
2,2,row01307,0,0
5,5,row13738,0,0
4,4,row23211,0,0
5,5,row13169,0,0
4,4,row02587,0,0
5,5,row03963,0,0
9,9,row08153,0,0
5,5,row04440,0,0
10,10,row09446,0,0
12,12,row11949,0,0
5,5,row13757,0,0
4,4,row23354,0,0
2,2,row01728,0,0
6,6,row05231,0,0
12,12,row12074,0,0
8,8,row17386,0,0
8,8,row17287,0,0
12,12,row11929,0,0
6,6,row15349,0,0
5,5,row03748,0,0
8,8,row17728,0,0
7,7,row06222,0,0
11,11,row10839,0,0
2,2,row01787,0,0
6,6,row06015,0,0
10,10,row08915,0,0
9,9,row18211,0,0
8,8,row07044,0,0
1,1,row00902,0,0
7,7,row22574,0,0
9,9,row18330,0,0
1,1,row00553,0,0
2,2,row01747,0,0
6,6,row18914,0,0
5,5,row13760,0,0
6,6,row05302,0,0
7,7,row06413,0,0
2,2,row01155,0,0
8,8,row14750,0,0
5,5,row03593,0,0
11,11,row10235,0,0
6,6,row20142,0,0
8,8,row14354,0,0
4,4,row02696,0,0
6,6,row18996,0,0
6,6,row16581,0,0
8,8,row14066,0,0
1,1,row00663,0,0
12,12,row11540,0,0
5,5,row13401,0,0
7,7,row22607,0,0
10,10,row09102,0,0
12,12,row12171,0,0
11,11,row09732,0,0
6,6,row15932,0,0
2,2,row01351,0,0
11,11,row10232,0,0
7,7,row21410,0,0
2,2,row01454,0,0
4,4,row23494,0,0
6,6,row18787,0,0
6,6,row19819,0,0
0,0,row00364,0,0
4,4,row23424,0,0
9,9,row08044,0,0
11,11,row09803,0,0
1,1,row00472,0,0
6,6,row04719,0,0
12,12,row12019,0,0
11,11,row10507,0,0
8,8,row14264,0,0
8,8,row14246,0,0
6,6,row05493,0,0
6,6,row15655,0,0
4,4,row03212,0,0
9,9,row18338,0,0
6,6,row20484,0,0
4,4,row23709,0,0
8,8,row17000,0,0
11,11,row09900,0,0
7,7,row20834,0,0
7,7,row20900,0,0
12,12,row11181,0,0
12,12,row11811,0,0
12,12,row11710,0,0
7,7,row21960,0,0
5,5,row13110,0,0
6,6,row16140,0,0
8,8,row14443,0,0
6,6,row19163,0,0
4,4,row23464,0,0
9,9,row18537,0,0
8,8,row14093,0,0
0,0,row00350,0,0
9,9,row18044,0,0
11,11,row10354,0,0
1,1,row00736,0,0
1,1,row00688,0,0
6,6,row16258,0,0
8,8,row07254,0,0
0,0,row00360,0,0
12,12,row12318,0,0
10,10,row08974,0,0
4,4,row02854,0,0
8,8,row07398,0,0
6,6,row18802,0,0
7,7,row22943,0,0
11,11,row10987,0,0
10,10,row08991,0,0
6,6,row16298,0,0
12,12,row11298,0,0
6,6,row04509,0,0
6,6,row18929,0,0
8,8,row07488,0,0
8,8,row17164,0,0
0,0,row00314,0,0
10,10,row08715,0,0
11,11,row09725,0,0
9,9,row18309,0,0
8,8,row17082,0,0
7,7,row22241,0,0
6,6,row19274,0,0
2,2,row01535,0,0
4,4,row23437,0,0
8,8,row14355,0,0
6,6,row04672,0,0
5,5,row13662,0,0
6,6,row18730,0,0
12,12,row11438,0,0
1,1,row00886,0,0
9,9,row18159,0,0
7,7,row22397,0,0
4,4,row03085,0,0
11,11,row10212,0,0
7,7,row20759,0,0
6,6,row20317,0,0
12,12,row11127,0,0
11,11,row09851,0,0
6,6,row19769,0,0
11,11,row10003,0,0
9,9,row08215,0,0
8,8,row14367,0,0
11,11,row10497,0,0
11,11,row09586,0,0
2,2,row01441,0,0
12,12,row12080,0,0
12,12,row12366,0,0
6,6,row04849,0,0
7,7,row21087,0,0
10,10,row09022,0,0
1,1,row00911,0,0
12,12,row11047,0,0
5,5,row04423,0,0
12,12,row11079,0,0
12,12,row11299,0,0
5,5,row03896,0,0
5,5,row04193,0,0
6,6,row18731,0,0
12,12,row11675,0,0
4,4,row03073,0,0
8,8,row16746,0,0
6,6,row15580,0,0
7,7,row06123,0,0
1,1,row00562,0,0
8,8,row06984,0,0
12,12,row11607,0,0
5,5,row03584,0,0
7,7,row21524,0,0
12,12,row12000,0,0
2,2,row01587,0,0
6,6,row05653,0,0
10,10,row09368,0,0
8,8,row16885,0,0
0,0,row00121,0,0
9,9,row17933,0,0
7,7,row22604,0,0
1,1,row00876,0,0
5,5,row04021,0,0
6,6,row19038,0,0
7,7,row12827,0,0
6,6,row15354,0,0
11,11,row10066,0,0
2,2,row01046,0,0
8,8,row14325,0,0
8,8,row16795,0,0
7,7,row22112,0,0
8,8,row07638,0,0
6,6,row19765,0,0
5,5,row13735,0,0
4,4,row02956,0,0
10,10,row08884,0,0
6,6,row05628,0,0
8,8,row17131,0,0
0,0,row00196,0,0
8,8,row17190,0,0
12,12,row11686,0,0
8,8,row17779,0,0
12,12,row11527,0,0
12,12,row11006,0,0
7,7,row12887,0,0
11,11,row09980,0,0
8,8,row14405,0,0
6,6,row18842,0,0
7,7,row21336,0,0
6,6,row19419,0,0
8,8,row14047,0,0
4,4,row03076,0,0
9,9,row08333,0,0
11,11,row10251,0,0
1,1,row00549,0,0
10,10,row09176,0,0
7,7,row20819,0,0
7,7,row20628,0,0
5,5,row04478,0,0
6,6,row16565,0,0
9,9,row07900,0,0
11,11,row09650,0,0
12,12,row11858,0,0
2,2,row01507,0,0
6,6,row19092,0,0
8,8,row16675,0,0
8,8,row07602,0,0
11,11,row09610,0,0
8,8,row16758,0,0
5,5,row03573,0,0
8,8,row15073,0,0
6,6,row05426,0,0
6,6,row05738,0,0
4,4,row03171,0,0
9,9,row07987,0,0
1,1,row00724,0,0
7,7,row06607,0,0
6,6,row04984,0,0
2,2,row01540,0,0
4,4,row23372,0,0
11,11,row10811,0,0
7,7,row13033,0,0
12,12,row11852,0,0
7,7,row22031,0,0
8,8,row07205,0,0
11,11,row10838,0,0
8,8,row14282,0,0
7,7,row21055,0,0
3,3,row02283,0,0
6,6,row04752,0,0
3,3,row02205,0,0
11,11,row10223,0,0
5,5,row04461,0,0
9,9,row17983,0,0
0,0,row00136,0,0
9,9,row07986,0,0
11,11,row10742,0,0
1,1,row00622,0,0
1,1,row00567,0,0
4,4,row03182,0,0
12,12,row11093,0,0
0,0,row00226,0,0
8,8,row13949,0,0
9,9,row07879,0,0
8,8,row14229,0,0
11,11,row09711,0,0
11,11,row10755,0,0
6,6,row20449,0,0
3,3,row02393,0,0
9,9,row18320,0,0
7,7,row22321,0,0
7,7,row12588,0,0
3,3,row01883,0,0
9,9,row07970,0,0
2,2,row01510,0,0
11,11,row09649,0,0
12,12,row11462,0,0
5,5,row13584,0,0
12,12,row12352,0,0
7,7,row06713,0,0
3,3,row02376,0,0
2,2,row01327,0,0
12,12,row11835,0,0
6,6,row18782,0,0
7,7,row21574,0,0
12,12,row11931,0,0
1,1,row00860,0,0
11,11,row09773,0,0
5,5,row13239,0,0
9,9,row08433,0,0
3,3,row02111,0,0
11,11,row10390,0,0
7,7,row22516,0,0
12,12,row11452,0,0
4,4,row23672,0,0
11,11,row10459,0,0
11,11,row10306,0,0
4,4,row23450,0,0
7,7,row20758,0,0
6,6,row20558,0,0
7,7,row22244,0,0
1,1,row00510,0,0
11,11,row10412,0,0
11,11,row10447,0,0
10,10,row09243,0,0
12,12,row11880,0,0
7,7,row06330,0,0
11,11,row10349,0,0
12,12,row12135,0,0
7,7,row20918,0,0
4,4,row03077,0,0
1,1,row00532,0,0
9,9,row08277,0,0
9,9,row18130,0,0
7,7,row22531,0,0
12,12,row11743,0,0
11,11,row09987,0,0
8,8,row14412,0,0
0,0,row00258,0,0
6,6,row15554,0,0
5,5,row13048,0,0
6,6,row15568,0,0
6,6,row20012,0,0
12,12,row11292,0,0
12,12,row12226,0,0
8,8,row15042,0,0
4,4,row03315,0,0
7,7,row06300,0,0
9,9,row18303,0,0
6,6,row05265,0,0
12,12,row11242,0,0
4,4,row03129,0,0
12,12,row11801,0,0
0,0,row00153,0,0
7,7,row20733,0,0
0,0,row00023,0,0
9,9,row18218,0,0
8,8,row14961,0,0
8,8,row13847,0,0
4,4,row23435,0,0
7,7,row22175,0,0
2,2,row01352,0,0
6,6,row19249,0,0
5,5,row13767,0,0
3,3,row02364,0,0
11,11,row10506,0,0
11,11,row09644,0,0
4,4,row02705,0,0
5,5,row03543,0,0
8,8,row16952,0,0
8,8,row07095,0,0
2,2,row01127,0,0
8,8,row17279,0,0
11,11,row09991,0,0
2,2,row01007,0,0
6,6,row15380,0,0
4,4,row03287,0,0
12,12,row11487,0,0
7,7,row22668,0,0
1,1,row00815,0,0
5,5,row13417,0,0
1,1,row00623,0,0
7,7,row06917,0,0
12,12,row12234,0,0
7,7,row21885,0,0
2,2,row01427,0,0
11,11,row10472,0,0
9,9,row18139,0,0
3,3,row02097,0,0
11,11,row09957,0,0
2,2,row01625,0,0
7,7,row12397,0,0
8,8,row17328,0,0
7,7,row22701,0,0
9,9,row18423,0,0
6,6,row19758,0,0
5,5,row13310,0,0
3,3,row02100,0,0
7,7,row06492,0,0
7,7,row06578,0,0
10,10,row09217,0,0
12,12,row11542,0,0
5,5,row03873,0,0
7,7,row06670,0,0
8,8,row14994,0,0
8,8,row14205,0,0
8,8,row14885,0,0
1,1,row00487,0,0
11,11,row10482,0,0
6,6,row04892,0,0
6,6,row19014,0,0
1,1,row00611,0,0
8,8,row07546,0,0
4,4,row23287,0,0
0,0,row00210,0,0
5,5,row04056,0,0
4,4,row03227,0,0
6,6,row16242,0,0
7,7,row21045,0,0
12,12,row11475,0,0
7,7,row23053,0,0
12,12,row11020,0,0
4,4,row23444,0,0
7,7,row21020,0,0
11,11,row10931,0,0
11,11,row10100,0,0
6,6,row05239,0,0
12,12,row11000,0,0
6,6,row05331,0,0
6,6,row04974,0,0
10,10,row09250,0,0
12,12,row11967,0,0
6,6,row15234,0,0
4,4,row03204,0,0
8,8,row13826,0,0
7,7,row22576,0,0
6,6,row16026,0,0
11,11,row10697,0,0
4,4,row23502,0,0
7,7,row21665,0,0
11,11,row10828,0,0
7,7,row22827,0,0
6,6,row18762,0,0
3,3,row01901,0,0
6,6,row05293,0,0
4,4,row23399,0,0
12,12,row11320,0,0
9,9,row07940,0,0
3,3,row02098,0,0
8,8,row14855,0,0
7,7,row23018,0,0
12,12,row12029,0,0
12,12,row11998,0,0
3,3,row01821,0,0
10,10,row08902,0,0
4,4,row03176,0,0
6,6,row16464,0,0
6,6,row20039,0,0
11,11,row09619,0,0
6,6,row19042,0,0
6,6,row15681,0,0
5,5,row13348,0,0
8,8,row07465,0,0
9,9,row18058,0,0
11,11,row10886,0,0
8,8,row16780,0,0
7,7,row20910,0,0
7,7,row20668,0,0
10,10,row08835,0,0
6,6,row16543,0,0
10,10,row08928,0,0
0,0,row00208,0,0
5,5,row13749,0,0
0,0,row00179,0,0
11,11,row10338,0,0
12,12,row11469,0,0
8,8,row14445,0,0
7,7,row22265,0,0
5,5,row03955,0,0
1,1,row00669,0,0
2,2,row01002,0,0
5,5,row13122,0,0
5,5,row03512,0,0
10,10,row08687,0,0
8,8,row14464,0,0
6,6,row05605,0,0
10,10,row09542,0,0
7,7,row21647,0,0
11,11,row10346,0,0
8,8,row17177,0,0
12,12,row12325,0,0
12,12,row11142,0,0
0,0,row00344,0,0
9,9,row08221,0,0
6,6,row05117,0,0
10,10,row08921,0,0
11,11,row09826,0,0
8,8,row14630,0,0
2,2,row01182,0,0
9,9,row08508,0,0
12,12,row12364,0,0
11,11,row10402,0,0
4,4,row23403,0,0
6,6,row19788,0,0
3,3,row01843,0,0
9,9,row18530,0,0
8,8,row17361,0,0
9,9,row08138,0,0
6,6,row19954,0,0
10,10,row09169,0,0
12,12,row11692,0,0
12,12,row11591,0,0
11,11,row10330,0,0
8,8,row17218,0,0
11,11,row09857,0,0
5,5,row13346,0,0
11,11,row10373,0,0
6,6,row19734,0,0
10,10,row08969,0,0
5,5,row13463,0,0
9,9,row08170,0,0
2,2,row01559,0,0
0,0,row00411,0,0
6,6,row05565,0,0
10,10,row08994,0,0
1,1,row00591,0,0
7,7,row06921,0,0
11,11,row10917,0,0
12,12,row11069,0,0
5,5,row03739,0,0
7,7,row20615,0,0
4,4,row03102,0,0
6,6,row04514,0,0
5,5,row13082,0,0
7,7,row06563,0,0
7,7,row22050,0,0
6,6,row19815,0,0
2,2,row01667,0,0
8,8,row14210,0,0
12,12,row11392,0,0
3,3,row02338,0,0
6,6,row19140,0,0
10,10,row09232,0,0
6,6,row20495,0,0
4,4,row23441,0,0
4,4,row23242,0,0
9,9,row18576,0,0
9,9,row07709,0,0
6,6,row19058,0,0
10,10,row09051,0,0
8,8,row13842,0,0
5,5,row13341,0,0
9,9,row18255,0,0
8,8,row17393,0,0
6,6,row16624,0,0
8,8,row14663,0,0
11,11,row10388,0,0
9,9,row07907,0,0
10,10,row09214,0,0
11,11,row10600,0,0
5,5,row04214,0,0
9,9,row18281,0,0
8,8,row14611,0,0
7,7,row22072,0,0
1,1,row00727,0,0
4,4,row23475,0,0
9,9,row07886,0,0
4,4,row02920,0,0
9,9,row08319,0,0
5,5,row04405,0,0
8,8,row07362,0,0
7,7,row21947,0,0
7,7,row21651,0,0
6,6,row04593,0,0
3,3,row02426,0,0
2,2,row01345,0,0
1,1,row00817,0,0
12,12,row12152,0,0
0,0,row00264,0,0
5,5,row13427,0,0
8,8,row14303,0,0
0,0,row00124,0,0
0,0,row00077,0,0
9,9,row18513,0,0
8,8,row14619,0,0
7,7,row22546,0,0
4,4,row03218,0,0
8,8,row17363,0,0
12,12,row11498,0,0
3,3,row02361,0,0
11,11,row10274,0,0
4,4,row23668,0,0
8,8,row15189,0,0
11,11,row10343,0,0
10,10,row08732,0,0
8,8,row13928,0,0
11,11,row10121,0,0
6,6,row04799,0,0
6,6,row19767,0,0
6,6,row05544,0,0
12,12,row11019,0,0
8,8,row14332,0,0
8,8,row14010,0,0
2,2,row01274,0,0
0,0,row00205,0,0
8,8,row14856,0,0
6,6,row19790,0,0
8,8,row13910,0,0
10,10,row09061,0,0
10,10,row09074,0,0
4,4,row02733,0,0
10,10,row09004,0,0
4,4,row02533,0,0
6,6,row15968,0,0
6,6,row20354,0,0
10,10,row09382,0,0
4,4,row02903,0,0
4,4,row02630,0,0
0,0,row00381,0,0
8,8,row13848,0,0
6,6,row19331,0,0
12,12,row11877,0,0
8,8,row14322,0,0
9,9,row08473,0,0
11,11,row10040,0,0
2,2,row01154,0,0
12,12,row11397,0,0
7,7,row22559,0,0
11,11,row09897,0,0
7,7,row06514,0,0
11,11,row09981,0,0
3,3,row02340,0,0
0,0,row00028,0,0
6,6,row05781,0,0
11,11,row09959,0,0
8,8,row15137,0,0
12,12,row11204,0,0
3,3,row01879,0,0
6,6,row20435,0,0
8,8,row07421,0,0
6,6,row16159,0,0
11,11,row10714,0,0
8,8,row07352,0,0
7,7,row22846,0,0
0,0,row00019,0,0
1,1,row00914,0,0
5,5,row13422,0,0
12,12,row12215,0,0
5,5,row03920,0,0
7,7,row12960,0,0
8,8,row14516,0,0
11,11,row10962,0,0
7,7,row06432,0,0
2,2,row01674,0,0
2,2,row01006,0,0
7,7,row06119,0,0
12,12,row11826,0,0
5,5,row13123,0,0
2,2,row01366,0,0
11,11,row09653,0,0
7,7,row20786,0,0
8,8,row07324,0,0
11,11,row10913,0,0
7,7,row22317,0,0
10,10,row09395,0,0
9,9,row18640,0,0
2,2,row01783,0,0
7,7,row20784,0,0
6,6,row05340,0,0
12,12,row12045,0,0
6,6,row15538,0,0
4,4,row02724,0,0
12,12,row11507,0,0
9,9,row17909,0,0
1,1,row00546,0,0
8,8,row14724,0,0
10,10,row09293,0,0
5,5,row13615,0,0
4,4,row02869,0,0
6,6,row18784,0,0
10,10,row09195,0,0
6,6,row05769,0,0
11,11,row10757,0,0
7,7,row12567,0,0
5,5,row04261,0,0
8,8,row14234,0,0
1,1,row00707,0,0
12,12,row11947,0,0
7,7,row22961,0,0
10,10,row09573,0,0
7,7,row21890,0,0
3,3,row01957,0,0
7,7,row22419,0,0
11,11,row10149,0,0
9,9,row08073,0,0
2,2,row01087,0,0
2,2,row00936,0,0
4,4,row02911,0,0
12,12,row10996,0,0
8,8,row14167,0,0
7,7,row21407,0,0
6,6,row04609,0,0
11,11,row10153,0,0
6,6,row20011,0,0
12,12,row11329,0,0
4,4,row23311,0,0
8,8,row07139,0,0
5,5,row13213,0,0
2,2,row01181,0,0
1,1,row00673,0,0
12,12,row11421,0,0
4,4,row23576,0,0
2,2,row00996,0,0
10,10,row08979,0,0
11,11,row10690,0,0
6,6,row15556,0,0
11,11,row10300,0,0
9,9,row17987,0,0
7,7,row21162,0,0
3,3,row02095,0,0
12,12,row11534,0,0
4,4,row23264,0,0
12,12,row11647,0,0
3,3,row01949,0,0
6,6,row05351,0,0
9,9,row17931,0,0
2,2,row01671,0,0
4,4,row03123,0,0
7,7,row21286,0,0
10,10,row08753,0,0
12,12,row11364,0,0
4,4,row23572,0,0
4,4,row02826,0,0
10,10,row08676,0,0
6,6,row05593,0,0
11,11,row09861,0,0
3,3,row02023,0,0
2,2,row01763,0,0
12,12,row11683,0,0
8,8,row14075,0,0
2,2,row01421,0,0
4,4,row03147,0,0
11,11,row10781,0,0
7,7,row21868,0,0
10,10,row09408,0,0
3,3,row02434,0,0
11,11,row09968,0,0
6,6,row20072,0,0
9,9,row07823,0,0
0,0,row00307,0,0
7,7,row20906,0,0
11,11,row10582,0,0
7,7,row06421,0,0
12,12,row11945,0,0
2,2,row01572,0,0
10,10,row08888,0,0
8,8,row06999,0,0
9,9,row08313,0,0
3,3,row02477,0,0
4,4,row02866,0,0
7,7,row21490,0,0
9,9,row08212,0,0
11,11,row10255,0,0
10,10,row09558,0,0
6,6,row05798,0,0
5,5,row04135,0,0
2,2,row01029,0,0
7,7,row21475,0,0
2,2,row01634,0,0
0,0,row00262,0,0
9,9,row08558,0,0
6,6,row19188,0,0
12,12,row11104,0,0
2,2,row01751,0,0
0,0,row00301,0,0
12,12,row12053,0,0
12,12,row11922,0,0
12,12,row11943,0,0
10,10,row09121,0,0
11,11,row10130,0,0
3,3,row02286,0,0
8,8,row14864,0,0
11,11,row10041,0,0
6,6,row04796,0,0
0,0,row00158,0,0
12,12,row11465,0,0
7,7,row22232,0,0
4,4,row03049,0,0
6,6,row18864,0,0
6,6,row18774,0,0
7,7,row20929,0,0
12,12,row12362,0,0
2,2,row01484,0,0
4,4,row23190,0,0
7,7,row22826,0,0
4,4,row23229,0,0
8,8,row15188,0,0
7,7,row12412,0,0
7,7,row12517,0,0
9,9,row08052,0,0
12,12,row11530,0,0
12,12,row11872,0,0
8,8,row15123,0,0
9,9,row08640,0,0
7,7,row22848,0,0
9,9,row07749,0,0
8,8,row13784,0,0
5,5,row13236,0,0
0,0,row00438,0,0
7,7,row06610,0,0
3,3,row02470,0,0
8,8,row15149,0,0
11,11,row10345,0,0
6,6,row05230,0,0
11,11,row09683,0,0
8,8,row17214,0,0
8,8,row14870,0,0
4,4,row03093,0,0
5,5,row13317,0,0
2,2,row01670,0,0
6,6,row19898,0,0
2,2,row01450,0,0
2,2,row01013,0,0
10,10,row09123,0,0
2,2,row01710,0,0
8,8,row13951,0,0
7,7,row21448,0,0
4,4,row02577,0,0
11,11,row10287,0,0
8,8,row16695,0,0
8,8,row16745,0,0
11,11,row10258,0,0
10,10,row09154,0,0
12,12,row11594,0,0
6,6,row19428,0,0
1,1,row00754,0,0
12,12,row12241,0,0
2,2,row01267,0,0
3,3,row02250,0,0
1,1,row00793,0,0
7,7,row06071,0,0
1,1,row00921,0,0
6,6,row05344,0,0
6,6,row06016,0,0
2,2,row01377,0,0
5,5,row13559,0,0
10,10,row09168,0,0
8,8,row13956,0,0
2,2,row01726,0,0
10,10,row09515,0,0
7,7,row20793,0,0
7,7,row12900,0,0
6,6,row05873,0,0
8,8,row16782,0,0
10,10,row09556,0,0
1,1,row00726,0,0
10,10,row09249,0,0
8,8,row14425,0,0
8,8,row13937,0,0
4,4,row23520,0,0
3,3,row02342,0,0
10,10,row09401,0,0
6,6,row15370,0,0
1,1,row00697,0,0
7,7,row21129,0,0
10,10,row09528,0,0
7,7,row22323,0,0
5,5,row04442,0,0
11,11,row09997,0,0
4,4,row03221,0,0
7,7,row22727,0,0
9,9,row08079,0,0
8,8,row14629,0,0
0,0,row00142,0,0
12,12,row11546,0,0
1,1,row00651,0,0
11,11,row10000,0,0
8,8,row07316,0,0
6,6,row15311,0,0
8,8,row07474,0,0
12,12,row11414,0,0
3,3,row01799,0,0
3,3,row02416,0,0
11,11,row10264,0,0
1,1,row00760,0,0
10,10,row08680,0,0
4,4,row03187,0,0
2,2,row00950,0,0
6,6,row04822,0,0
8,8,row14697,0,0
11,11,row10606,0,0
4,4,row03140,0,0
10,10,row08908,0,0
6,6,row16139,0,0
9,9,row18135,0,0
12,12,row12072,0,0
1,1,row00896,0,0
11,11,row10182,0,0
7,7,row06502,0,0
12,12,row12200,0,0
11,11,row10090,0,0
2,2,row01179,0,0
7,7,row20766,0,0
8,8,row16929,0,0
2,2,row01781,0,0
7,7,row06404,0,0
9,9,row08283,0,0
11,11,row10692,0,0
5,5,row13226,0,0
11,11,row10575,0,0
9,9,row08050,0,0
12,12,row12120,0,0
8,8,row07271,0,0
6,6,row04942,0,0
4,4,row02779,0,0
7,7,row21110,0,0
5,5,row13384,0,0
4,4,row23598,0,0
11,11,row09807,0,0
5,5,row13719,0,0
11,11,row10386,0,0
8,8,row16733,0,0
10,10,row08989,0,0
11,11,row09737,0,0
8,8,row14171,0,0
12,12,row12011,0,0
11,11,row09800,0,0
8,8,row15127,0,0
8,8,row17020,0,0
10,10,row09200,0,0
12,12,row12130,0,0
12,12,row11258,0,0
8,8,row16671,0,0
12,12,row11033,0,0
6,6,row04631,0,0
8,8,row06972,0,0
3,3,row01842,0,0
6,6,row19432,0,0
8,8,row15134,0,0
11,11,row10595,0,0
2,2,row01195,0,0
4,4,row02524,0,0
9,9,row18613,0,0
11,11,row10444,0,0
11,11,row09789,0,0
2,2,row01363,0,0
3,3,row02013,0,0
7,7,row20608,0,0
6,6,row19253,0,0
3,3,row02431,0,0
7,7,row22769,0,0
8,8,row07278,0,0
2,2,row01295,0,0
8,8,row06998,0,0
4,4,row23376,0,0
4,4,row02600,0,0
6,6,row19305,0,0
11,11,row10560,0,0
7,7,row22996,0,0
3,3,row02325,0,0
6,6,row16545,0,0
11,11,row10415,0,0
2,2,row01048,0,0
8,8,row14323,0,0
2,2,row01588,0,0
7,7,row20585,0,0
9,9,row08281,0,0
12,12,row11721,0,0
7,7,row22611,0,0
6,6,row05768,0,0
8,8,row07171,0,0
3,3,row02056,0,0
2,2,row01485,0,0
6,6,row20212,0,0
11,11,row10726,0,0
8,8,row14719,0,0
12,12,row11734,0,0
7,7,row22464,0,0
5,5,row13159,0,0
9,9,row17988,0,0
5,5,row13776,0,0
5,5,row13490,0,0
4,4,row23445,0,0
11,11,row09950,0,0
12,12,row11086,0,0
7,7,row12770,0,0
6,6,row19994,0,0
5,5,row03400,0,0
4,4,row23671,0,0
5,5,row03682,0,0
6,6,row20340,0,0
12,12,row11051,0,0
1,1,row00668,0,0
8,8,row14645,0,0
0,0,row00044,0,0
8,8,row17155,0,0
8,8,row07070,0,0
7,7,row20651,0,0
11,11,row10240,0,0
6,6,row05345,0,0
3,3,row02308,0,0
7,7,row20936,0,0
9,9,row18265,0,0
7,7,row21538,0,0
10,10,row09437,0,0
8,8,row14064,0,0
7,7,row22222,0,0
6,6,row04615,0,0
7,7,row06859,0,0
5,5,row04029,0,0
8,8,row16987,0,0
7,7,row21634,0,0
6,6,row18789,0,0
0,0,row00170,0,0
4,4,row03236,0,0
7,7,row06787,0,0
10,10,row08804,0,0
12,12,row11153,0,0
11,11,row09831,0,0
4,4,row02528,0,0
10,10,row08727,0,0
11,11,row10476,0,0
5,5,row13307,0,0
4,4,row03011,0,0
7,7,row22804,0,0
11,11,row10793,0,0
7,7,row22621,0,0
6,6,row19590,0,0
6,6,row15367,0,0
7,7,row12850,0,0
6,6,row05901,0,0
9,9,row18507,0,0
2,2,row01275,0,0
10,10,row08691,0,0
9,9,row07915,0,0
7,7,row12387,0,0
4,4,row03362,0,0
0,0,row00241,0,0
7,7,row20844,0,0
7,7,row21952,0,0
6,6,row18904,0,0
11,11,row10631,0,0
8,8,row14818,0,0
8,8,row15049,0,0
6,6,row19147,0,0
7,7,row20840,0,0
6,6,row05879,0,0
11,11,row10526,0,0
11,11,row10663,0,0
4,4,row23353,0,0
8,8,row13959,0,0
7,7,row21082,0,0
6,6,row19744,0,0
0,0,row00134,0,0
5,5,row13748,0,0
9,9,row08320,0,0
6,6,row15372,0,0
8,8,row14330,0,0
7,7,row22139,0,0
1,1,row00794,0,0
0,0,row00402,0,0
8,8,row17372,0,0
9,9,row18061,0,0
11,11,row10493,0,0
8,8,row07015,0,0
4,4,row02863,0,0
7,7,row12659,0,0
7,7,row22719,0,0
2,2,row01165,0,0
7,7,row22892,0,0
7,7,row21888,0,0
2,2,row01247,0,0
11,11,row10257,0,0
7,7,row22193,0,0
11,11,row09847,0,0
10,10,row09278,0,0
5,5,row13431,0,0
7,7,row06422,0,0
9,9,row18606,0,0
3,3,row02163,0,0
11,11,row10253,0,0
4,4,row03248,0,0
9,9,row17994,0,0
12,12,row11957,0,0
2,2,row01698,0,0
6,6,row05892,0,0
6,6,row04497,0,0
10,10,row09287,0,0
7,7,row06818,0,0
8,8,row17216,0,0
2,2,row01239,0,0
6,6,row19325,0,0
6,6,row18757,0,0
11,11,row09996,0,0
7,7,row20724,0,0
12,12,row11768,0,0
7,7,row20842,0,0
8,8,row14835,0,0
6,6,row19409,0,0
11,11,row10532,0,0
8,8,row07244,0,0
8,8,row07212,0,0
12,12,row12191,0,0
4,4,row23549,0,0
9,9,row08004,0,0
8,8,row15102,0,0
9,9,row17881,0,0
12,12,row11307,0,0
11,11,row10105,0,0
7,7,row12664,0,0
2,2,row01232,0,0
12,12,row11589,0,0
7,7,row06418,0,0
12,12,row12273,0,0
12,12,row12081,0,0
9,9,row18620,0,0
4,4,row03279,0,0
7,7,row21929,0,0
12,12,row11433,0,0
8,8,row07407,0,0
9,9,row18627,0,0
12,12,row11163,0,0
12,12,row11537,0,0
5,5,row03907,0,0
6,6,row15233,0,0
12,12,row11613,0,0
4,4,row23381,0,0
6,6,row04502,0,0
11,11,row10598,0,0
4,4,row03121,0,0
9,9,row18014,0,0
3,3,row02207,0,0
10,10,row09234,0,0
8,8,row16761,0,0
8,8,row16992,0,0
5,5,row13471,0,0
9,9,row08137,0,0
11,11,row10326,0,0
1,1,row00497,0,0
7,7,row22211,0,0
11,11,row10569,0,0
1,1,row00541,0,0
3,3,row01806,0,0
12,12,row11960,0,0
10,10,row09261,0,0
8,8,row14889,0,0
10,10,row09519,0,0
1,1,row00889,0,0
6,6,row04818,0,0
12,12,row11120,0,0
7,7,row22376,0,0
4,4,row23339,0,0
8,8,row14031,0,0
7,7,row21773,0,0
7,7,row06941,0,0
4,4,row23534,0,0
4,4,row23742,0,0
4,4,row23230,0,0
12,12,row11241,0,0
11,11,row10747,0,0
7,7,row22673,0,0
6,6,row05853,0,0
1,1,row00920,0,0
4,4,row03019,0,0
12,12,row11782,0,0
11,11,row09753,0,0
1,1,row00530,0,0
7,7,row06860,0,0
8,8,row07211,0,0
8,8,row07121,0,0
7,7,row20626,0,0
5,5,row04427,0,0
1,1,row00658,0,0
10,10,row09466,0,0
7,7,row22197,0,0
9,9,row08586,0,0
12,12,row11702,0,0
2,2,row01131,0,0
7,7,row22880,0,0
12,12,row12240,0,0
6,6,row16484,0,0
6,6,row19913,0,0
11,11,row09746,0,0
2,2,row01575,0,0
2,2,row01115,0,0
7,7,row12537,0,0
9,9,row18623,0,0
12,12,row11025,0,0
4,4,row23472,0,0
4,4,row02525,0,0
5,5,row04165,0,0
11,11,row10920,0,0
9,9,row17837,0,0
4,4,row23600,0,0
3,3,row02061,0,0
7,7,row22712,0,0
12,12,row11238,0,0
5,5,row03740,0,0
6,6,row20398,0,0
11,11,row10329,0,0
10,10,row09030,0,0
9,9,row08303,0,0
6,6,row19336,0,0
1,1,row00737,0,0
9,9,row17840,0,0
9,9,row07802,0,0
10,10,row09031,0,0
6,6,row18702,0,0
12,12,row11112,0,0
12,12,row11656,0,0
1,1,row00577,0,0
9,9,row07862,0,0
6,6,row18844,0,0
12,12,row11458,0,0
7,7,row12998,0,0
10,10,row09025,0,0
11,11,row10260,0,0
7,7,row20661,0,0
5,5,row04226,0,0
8,8,row14255,0,0
2,2,row01075,0,0
5,5,row03629,0,0
7,7,row21630,0,0
12,12,row11004,0,0
4,4,row03090,0,0
11,11,row10909,0,0
9,9,row08162,0,0
6,6,row19935,0,0
8,8,row13806,0,0
8,8,row07469,0,0
7,7,row21611,0,0
4,4,row03293,0,0
9,9,row18199,0,0
11,11,row09666,0,0
6,6,row19426,0,0
4,4,row23369,0,0
5,5,row03452,0,0
8,8,row07048,0,0
3,3,row01987,0,0
4,4,row23203,0,0
8,8,row17228,0,0
11,11,row10072,0,0
7,7,row12438,0,0
9,9,row08260,0,0
11,11,row10596,0,0
11,11,row10034,0,0
7,7,row21619,0,0
2,2,row01038,0,0
4,4,row23431,0,0
7,7,row21575,0,0
8,8,row14415,0,0
7,7,row20925,0,0
8,8,row07479,0,0
12,12,row11493,0,0
6,6,row19043,0,0
10,10,row09403,0,0
4,4,row02702,0,0
11,11,row09925,0,0
11,11,row10662,0,0
11,11,row10254,0,0
6,6,row16286,0,0
6,6,row16614,0,0
12,12,row11739,0,0
9,9,row18247,0,0
4,4,row23575,0,0
2,2,row01312,0,0
2,2,row01051,0,0
12,12,row11224,0,0
12,12,row11237,0,0
11,11,row09821,0,0
4,4,row23391,0,0
7,7,row21141,0,0
6,6,row19047,0,0
4,4,row02994,0,0
8,8,row15076,0,0
8,8,row15044,0,0
8,8,row07392,0,0
0,0,row00333,0,0
9,9,row08595,0,0
6,6,row06010,0,0
7,7,row06934,0,0
9,9,row08364,0,0
0,0,row00168,0,0
4,4,row03104,0,0
6,6,row18846,0,0
7,7,row06636,0,0
4,4,row03146,0,0
6,6,row05778,0,0
7,7,row22808,0,0
6,6,row16283,0,0
12,12,row11154,0,0
12,12,row12143,0,0
7,7,row21366,0,0
4,4,row03198,0,0
4,4,row02598,0,0
7,7,row21431,0,0
6,6,row16002,0,0
9,9,row07837,0,0
6,6,row16511,0,0
7,7,row21470,0,0
11,11,row10009,0,0
9,9,row18043,0,0
11,11,row10371,0,0
6,6,row20133,0,0
6,6,row04807,0,0
7,7,row06259,0,0
11,11,row09949,0,0
6,6,row20014,0,0
12,12,row11562,0,0
6,6,row20509,0,0
7,7,row06581,0,0
10,10,row09196,0,0
7,7,row20911,0,0
11,11,row10307,0,0
11,11,row10964,0,0
4,4,row03242,0,0
11,11,row10751,0,0
8,8,row17427,0,0
12,12,row11343,0,0
5,5,row03441,0,0
12,12,row12235,0,0
6,6,row19215,0,0
6,6,row05765,0,0
4,4,row23373,0,0
6,6,row16630,0,0
6,6,row20559,0,0
12,12,row11883,0,0
3,3,row02032,0,0
12,12,row11946,0,0
6,6,row19710,0,0
7,7,row21462,0,0
8,8,row14642,0,0
11,11,row10471,0,0
8,8,row14363,0,0
5,5,row03777,0,0
10,10,row09095,0,0
11,11,row10639,0,0
9,9,row18304,0,0
6,6,row19513,0,0
12,12,row11773,0,0
5,5,row13658,0,0
4,4,row23578,0,0
9,9,row18438,0,0
8,8,row07265,0,0
12,12,row11664,0,0
8,8,row14032,0,0
9,9,row08133,0,0
2,2,row00966,0,0
12,12,row12113,0,0
7,7,row20652,0,0
8,8,row16676,0,0
0,0,row00322,0,0
5,5,row13587,0,0
9,9,row17842,0,0
7,7,row22551,0,0
7,7,row22062,0,0
12,12,row12050,0,0
7,7,row21047,0,0
6,6,row20358,0,0
9,9,row18370,0,0
2,2,row01716,0,0
7,7,row20581,0,0
8,8,row14252,0,0
11,11,row10099,0,0
5,5,row13366,0,0
6,6,row04921,0,0
3,3,row02193,0,0
0,0,row00203,0,0
7,7,row12942,0,0
11,11,row10653,0,0
5,5,row04443,0,0
8,8,row14159,0,0
6,6,row15415,0,0
6,6,row20108,0,0
2,2,row01081,0,0
12,12,row11868,0,0
2,2,row01755,0,0
1,1,row00550,0,0
8,8,row14564,0,0
9,9,row18113,0,0
11,11,row09871,0,0
0,0,row00041,0,0
9,9,row18462,0,0
8,8,row15028,0,0
8,8,row16711,0,0
10,10,row08984,0,0
2,2,row01255,0,0
6,6,row15603,0,0
4,4,row23501,0,0
7,7,row21254,0,0
11,11,row10585,0,0
9,9,row07916,0,0
8,8,row07154,0,0
6,6,row19530,0,0
5,5,row03470,0,0
9,9,row07826,0,0
6,6,row19748,0,0
3,3,row02075,0,0
12,12,row11760,0,0
6,6,row18922,0,0
8,8,row06977,0,0
5,5,row04159,0,0
11,11,row10734,0,0
0,0,row00010,0,0
0,0,row00141,0,0
11,11,row10925,0,0
6,6,row18796,0,0
7,7,row21648,0,0
4,4,row23282,0,0
8,8,row14776,0,0
6,6,row19044,0,0
9,9,row18188,0,0
7,7,row20721,0,0
2,2,row01089,0,0
8,8,row13797,0,0
6,6,row20028,0,0
11,11,row10158,0,0
8,8,row16701,0,0
7,7,row06943,0,0
3,3,row02436,0,0
7,7,row22086,0,0
8,8,row14982,0,0
6,6,row19721,0,0
8,8,row13849,0,0
11,11,row10754,0,0
12,12,row12279,0,0
11,11,row09663,0,0
2,2,row01206,0,0
3,3,row02069,0,0
0,0,row00442,0,0
6,6,row15307,0,0
11,11,row10499,0,0
11,11,row10716,0,0
3,3,row02170,0,0
10,10,row09284,0,0
6,6,row19544,0,0
8,8,row17487,0,0
9,9,row07716,0,0
8,8,row17242,0,0
5,5,row03855,0,0
2,2,row01047,0,0
11,11,row10876,0,0
8,8,row14250,0,0
12,12,row11442,0,0
11,11,row09752,0,0
6,6,row20062,0,0
12,12,row11730,0,0
8,8,row14572,0,0
11,11,row10064,0,0
10,10,row08936,0,0
12,12,row11793,0,0
12,12,row12070,0,0
7,7,row20885,0,0
6,6,row16149,0,0
11,11,row09839,0,0
0,0,row00037,0,0
0,0,row00242,0,0
8,8,row16713,0,0
7,7,row22309,0,0
4,4,row23657,0,0
5,5,row04292,0,0
11,11,row10744,0,0
7,7,row06216,0,0
6,6,row04517,0,0
10,10,row08816,0,0
7,7,row12504,0,0
8,8,row14221,0,0
6,6,row05409,0,0
8,8,row15136,0,0
9,9,row18363,0,0
11,11,row10033,0,0
3,3,row02105,0,0
10,10,row08867,0,0
3,3,row01902,0,0
0,0,row00227,0,0
7,7,row21762,0,0
11,11,row10029,0,0
9,9,row17903,0,0
11,11,row10657,0,0
11,11,row10116,0,0
10,10,row09315,0,0
9,9,row18479,0,0
12,12,row11658,0,0
6,6,row19925,0,0
6,6,row15690,0,0
11,11,row10976,0,0
9,9,row07739,0,0
6,6,row15971,0,0
2,2,row01476,0,0
6,6,row20399,0,0
11,11,row10934,0,0
6,6,row05883,0,0
8,8,row14147,0,0
1,1,row00844,0,0
12,12,row11564,0,0
6,6,row16177,0,0
5,5,row13132,0,0
1,1,row00524,0,0
1,1,row00653,0,0
8,8,row07518,0,0
2,2,row01192,0,0
8,8,row17284,0,0
0,0,row00452,0,0
9,9,row07845,0,0
0,0,row00115,0,0
2,2,row01479,0,0
7,7,row22460,0,0
4,4,row02680,0,0
7,7,row22732,0,0
7,7,row21636,0,0
0,0,row00201,0,0
4,4,row02831,0,0
12,12,row11311,0,0
11,11,row10322,0,0
7,7,row22744,0,0
9,9,row08607,0,0
12,12,row11737,0,0
12,12,row11867,0,0
4,4,row23699,0,0
5,5,row13493,0,0
6,6,row04678,0,0
3,3,row02189,0,0
11,11,row09895,0,0
9,9,row18498,0,0
12,12,row12133,0,0
7,7,row06410,0,0
2,2,row00971,0,0
7,7,row22085,0,0
9,9,row17814,0,0
9,9,row17817,0,0
12,12,row12336,0,0
2,2,row01321,0,0
12,12,row11460,0,0
8,8,row17071,0,0
2,2,row01194,0,0
3,3,row01940,0,0
6,6,row16554,0,0
4,4,row23483,0,0
8,8,row14359,0,0
6,6,row20414,0,0
2,2,row01040,0,0
6,6,row15505,0,0
1,1,row00640,0,0
2,2,row01011,0,0
1,1,row00595,0,0
9,9,row18157,0,0
12,12,row12346,0,0
6,6,row05580,0,0
6,6,row05403,0,0
8,8,row07337,0,0
0,0,row00066,0,0
12,12,row11073,0,0
8,8,row14035,0,0
0,0,row00204,0,0
11,11,row10668,0,0
1,1,row00593,0,0
6,6,row18900,0,0
12,12,row11890,0,0
6,6,row15270,0,0
12,12,row12246,0,0
6,6,row16472,0,0
9,9,row18162,0,0
8,8,row14793,0,0
2,2,row01437,0,0
4,4,row23366,0,0
4,4,row03316,0,0
9,9,row08219,0,0
6,6,row15653,0,0
8,8,row07217,0,0
9,9,row07791,0,0
6,6,row05872,0,0
9,9,row18616,0,0
3,3,row02201,0,0
9,9,row18119,0,0
6,6,row15218,0,0
5,5,row03707,0,0
6,6,row19971,0,0
12,12,row12043,0,0
10,10,row09083,0,0
5,5,row04133,0,0
8,8,row07178,0,0
7,7,row06885,0,0
8,8,row16750,0,0
5,5,row13131,0,0
11,11,row10422,0,0
11,11,row10378,0,0
11,11,row10851,0,0
6,6,row19916,0,0
7,7,row21424,0,0
12,12,row11417,0,0
10,10,row09218,0,0
9,9,row08024,0,0
6,6,row15973,0,0
11,11,row10770,0,0
7,7,row22065,0,0
9,9,row18517,0,0
6,6,row16312,0,0
10,10,row08923,0,0
8,8,row14834,0,0
4,4,row03072,0,0
7,7,row20595,0,0
12,12,row11750,0,0
12,12,row10991,0,0
6,6,row15378,0,0
11,11,row10728,0,0
12,12,row11306,0,0
8,8,row14290,0,0
6,6,row15983,0,0
6,6,row16585,0,0
7,7,row22406,0,0
11,11,row09966,0,0
4,4,row23729,0,0
8,8,row07302,0,0
4,4,row02708,0,0
11,11,row10943,0,0
9,9,row18118,0,0
0,0,row00245,0,0
9,9,row08034,0,0
11,11,row10883,0,0
8,8,row17479,0,0
3,3,row01880,0,0
2,2,row01511,0,0
7,7,row20768,0,0
3,3,row02324,0,0
9,9,row08359,0,0
2,2,row01468,0,0
7,7,row06252,0,0
6,6,row05428,0,0
7,7,row06383,0,0
8,8,row16732,0,0
4,4,row02950,0,0
2,2,row01523,0,0
8,8,row13996,0,0
5,5,row03655,0,0
2,2,row01158,0,0
10,10,row08854,0,0
3,3,row02157,0,0
2,2,row01470,0,0
5,5,row03523,0,0
3,3,row02159,0,0
8,8,row07251,0,0
8,8,row17169,0,0
11,11,row10602,0,0
6,6,row15922,0,0
11,11,row09582,0,0
6,6,row15685,0,0
10,10,row09523,0,0
7,7,row21994,0,0
9,9,row08547,0,0
0,0,row00054,0,0
7,7,row22289,0,0
2,2,row01382,0,0
10,10,row08797,0,0
12,12,row11759,0,0
4,4,row02839,0,0
7,7,row12393,0,0
3,3,row02142,0,0
6,6,row05697,0,0
6,6,row04642,0,0
8,8,row14960,0,0
3,3,row02143,0,0
12,12,row11523,0,0
0,0,row00156,0,0
11,11,row10016,0,0
7,7,row20751,0,0
11,11,row10167,0,0
6,6,row04518,0,0
12,12,row11291,0,0
4,4,row02516,0,0
11,11,row09629,0,0
11,11,row10453,0,0
9,9,row08267,0,0
8,8,row07508,0,0
12,12,row12244,0,0
6,6,row15896,0,0
5,5,row13178,0,0
8,8,row15103,0,0
2,2,row01681,0,0
2,2,row01161,0,0
6,6,row05432,0,0
6,6,row16107,0,0
1,1,row00828,0,0
6,6,row15668,0,0
9,9,row08618,0,0
12,12,row11963,0,0
6,6,row19796,0,0
8,8,row14879,0,0
3,3,row02187,0,0
2,2,row01576,0,0
9,9,row08543,0,0
6,6,row19747,0,0
6,6,row05596,0,0
4,4,row03186,0,0
2,2,row01356,0,0
12,12,row12341,0,0
8,8,row13840,0,0
3,3,row02224,0,0
5,5,row04049,0,0
7,7,row21266,0,0
7,7,row12869,0,0
7,7,row21577,0,0
0,0,row00383,0,0
4,4,row23652,0,0
2,2,row01467,0,0
6,6,row19981,0,0
6,6,row06043,0,0
7,7,row22316,0,0
9,9,row18584,0,0
11,11,row10803,0,0
7,7,row22619,0,0
11,11,row10187,0,0
2,2,row00987,0,0
9,9,row18007,0,0
5,5,row03983,0,0
9,9,row18554,0,0
6,6,row20101,0,0
5,5,row04481,0,0
8,8,row14754,0,0
8,8,row07699,0,0
7,7,row21629,0,0
4,4,row03004,0,0
0,0,row00055,0,0
8,8,row14560,0,0
9,9,row18178,0,0
0,0,row00105,0,0
12,12,row11604,0,0
1,1,row00602,0,0
2,2,row01709,0,0
8,8,row14680,0,0
0,0,row00429,0,0
9,9,row18068,0,0
8,8,row07032,0,0
11,11,row10405,0,0
1,1,row00743,0,0
12,12,row12350,0,0
3,3,row02397,0,0
12,12,row12306,0,0
6,6,row16109,0,0
3,3,row02092,0,0
7,7,row21649,0,0
9,9,row08213,0,0
9,9,row08578,0,0
9,9,row17963,0,0
7,7,row20887,0,0
5,5,row13693,0,0
1,1,row00894,0,0
6,6,row05965,0,0
7,7,row06893,0,0
7,7,row21899,0,0
11,11,row09853,0,0
0,0,row00297,0,0
0,0,row00092,0,0
11,11,row10694,0,0
10,10,row08668,0,0
6,6,row04544,0,0
7,7,row06855,0,0
4,4,row23511,0,0
12,12,row11054,0,0
0,0,row00090,0,0
9,9,row18562,0,0
7,7,row22315,0,0
2,2,row01392,0,0
8,8,row07252,0,0
7,7,row21521,0,0
12,12,row11060,0,0
7,7,row23150,0,0
6,6,row20553,0,0
9,9,row07793,0,0
2,2,row01443,0,0
7,7,row06951,0,0
6,6,row05880,0,0
11,11,row09620,0,0
4,4,row23185,0,0
12,12,row11812,0,0
7,7,row22583,0,0
6,6,row20089,0,0
5,5,row13347,0,0
5,5,row13698,0,0
7,7,row06200,0,0
6,6,row05588,0,0
7,7,row22114,0,0
6,6,row20170,0,0
12,12,row11490,0,0
5,5,row13591,0,0
6,6,row05258,0,0
12,12,row11123,0,0
8,8,row16712,0,0
3,3,row02480,0,0
8,8,row13800,0,0
11,11,row10737,0,0
12,12,row11630,0,0
11,11,row10071,0,0
8,8,row14029,0,0
6,6,row04836,0,0
3,3,row02372,0,0
2,2,row01775,0,0
7,7,row21928,0,0
10,10,row09108,0,0
5,5,row03725,0,0
5,5,row03977,0,0
7,7,row20873,0,0
6,6,row04585,0,0
5,5,row04275,0,0
6,6,row05151,0,0
10,10,row09098,0,0
5,5,row04329,0,0
3,3,row02252,0,0
2,2,row01435,0,0
8,8,row07183,0,0
8,8,row14145,0,0
6,6,row04504,0,0
9,9,row08026,0,0
7,7,row21769,0,0
9,9,row18431,0,0
3,3,row01953,0,0
1,1,row00687,0,0
11,11,row10473,0,0
12,12,row11639,0,0
6,6,row16491,0,0
5,5,row13246,0,0
11,11,row10597,0,0
8,8,row17100,0,0
10,10,row08987,0,0
11,11,row09609,0,0
8,8,row14713,0,0
6,6,row19958,0,0
11,11,row10246,0,0
7,7,row23032,0,0
9,9,row18612,0,0
8,8,row14654,0,0
11,11,row10889,0,0
12,12,row11921,0,0
8,8,row14567,0,0
11,11,row10922,0,0
1,1,row00846,0,0
9,9,row18629,0,0
7,7,row22455,0,0
5,5,row03591,0,0
7,7,row22383,0,0
7,7,row12774,0,0
7,7,row22414,0,0
8,8,row14977,0,0
2,2,row01292,0,0
4,4,row02595,0,0
8,8,row15075,0,0
8,8,row14111,0,0
7,7,row21074,0,0
11,11,row10717,0,0
10,10,row09526,0,0
8,8,row17323,0,0
11,11,row10193,0,0
11,11,row10564,0,0
12,12,row11098,0,0
6,6,row19542,0,0
7,7,row06557,0,0
4,4,row03133,0,0
6,6,row20139,0,0
12,12,row11605,0,0
7,7,row21133,0,0
12,12,row11008,0,0
8,8,row17205,0,0
6,6,row04492,0,0
5,5,row13061,0,0
2,2,row00945,0,0
6,6,row19675,0,0
7,7,row22554,0,0
9,9,row18436,0,0
6,6,row05199,0,0
11,11,row10004,0,0
7,7,row22320,0,0
7,7,row22788,0,0
9,9,row07834,0,0
4,4,row23492,0,0
7,7,row20698,0,0
4,4,row23711,0,0
0,0,row00469,0,0
11,11,row09788,0,0
2,2,row01342,0,0
12,12,row11110,0,0
6,6,row04832,0,0
5,5,row03569,0,0
8,8,row15014,0,0
4,4,row03163,0,0
12,12,row11528,0,0
12,12,row11061,0,0
9,9,row08203,0,0
8,8,row14105,0,0
12,12,row11042,0,0
11,11,row09810,0,0
1,1,row00644,0,0
9,9,row18133,0,0
12,12,row11130,0,0
7,7,row21804,0,0
10,10,row08891,0,0
11,11,row10227,0,0
11,11,row10036,0,0
7,7,row20954,0,0
11,11,row10618,0,0
6,6,row16513,0,0
12,12,row11758,0,0
2,2,row01144,0,0
12,12,row11878,0,0
12,12,row11463,0,0
12,12,row12371,0,0
8,8,row14844,0,0
11,11,row10429,0,0
11,11,row10704,0,0
6,6,row20485,0,0
9,9,row07875,0,0
2,2,row01314,0,0
11,11,row10174,0,0
4,4,row23621,0,0
12,12,row11955,0,0
3,3,row02216,0,0
12,12,row11053,0,0
2,2,row01397,0,0
7,7,row23157,0,0
6,6,row16595,0,0
6,6,row05927,0,0
7,7,row22523,0,0
12,12,row12270,0,0
6,6,row16529,0,0
7,7,row12455,0,0
12,12,row11706,0,0
1,1,row00799,0,0
8,8,row13869,0,0
4,4,row23322,0,0
9,9,row18381,0,0
9,9,row07962,0,0
12,12,row11745,0,0
3,3,row02138,0,0
10,10,row09572,0,0
9,9,row17968,0,0
5,5,row04164,0,0
10,10,row09059,0,0
10,10,row08675,0,0
12,12,row12372,0,0
3,3,row02016,0,0
11,11,row10361,0,0
7,7,row21029,0,0
8,8,row17349,0,0
6,6,row19171,0,0
12,12,row11244,0,0
8,8,row14791,0,0
12,12,row12008,0,0
8,8,row14019,0,0
6,6,row20208,0,0
11,11,row10879,0,0
4,4,row23737,0,0
4,4,row03020,0,0
2,2,row01322,0,0
11,11,row10446,0,0
12,12,row12111,0,0
12,12,row11398,0,0
12,12,row12167,0,0
7,7,row21731,0,0
4,4,row23394,0,0
5,5,row13764,0,0
11,11,row10138,0,0
2,2,row01050,0,0
12,12,row11513,0,0
1,1,row00748,0,0
5,5,row03723,0,0
10,10,row09546,0,0
7,7,row20871,0,0
7,7,row06490,0,0
7,7,row21932,0,0
12,12,row11643,0,0
12,12,row11796,0,0
0,0,row00244,0,0
11,11,row10112,0,0
7,7,row21755,0,0
0,0,row00181,0,0
12,12,row11077,0,0
8,8,row14955,0,0
12,12,row12108,0,0
1,1,row00633,0,0
12,12,row11027,0,0
8,8,row07477,0,0
4,4,row03065,0,0
12,12,row11017,0,0
0,0,row00433,0,0
7,7,row22885,0,0
6,6,row04927,0,0
0,0,row00113,0,0
8,8,row14895,0,0
12,12,row12202,0,0
6,6,row05566,0,0
2,2,row01142,0,0
2,2,row01362,0,0
5,5,row03729,0,0
4,4,row03358,0,0
6,6,row19205,0,0
7,7,row12909,0,0
6,6,row04656,0,0
7,7,row20943,0,0
0,0,row00374,0,0
6,6,row20330,0,0
5,5,row04026,0,0
8,8,row17369,0,0
3,3,row01906,0,0
11,11,row10428,0,0
8,8,row14890,0,0
6,6,row19593,0,0
12,12,row11555,0,0
10,10,row09283,0,0
10,10,row08966,0,0
8,8,row16935,0,0
8,8,row14207,0,0
5,5,row03956,0,0
7,7,row20942,0,0
3,3,row02077,0,0
0,0,row00330,0,0
6,6,row19040,0,0
5,5,row04365,0,0
10,10,row08883,0,0
9,9,row08140,0,0
8,8,row07069,0,0
4,4,row23623,0,0
8,8,row16765,0,0
9,9,row07870,0,0
3,3,row02435,0,0
2,2,row01277,0,0
6,6,row20441,0,0
8,8,row14225,0,0
6,6,row20148,0,0
11,11,row10266,0,0
7,7,row21471,0,0
7,7,row21657,0,0
5,5,row04433,0,0
4,4,row03173,0,0
7,7,row12783,0,0
10,10,row09476,0,0
1,1,row00919,0,0
0,0,row00126,0,0
7,7,row21411,0,0
4,4,row02637,0,0
12,12,row11843,0,0
4,4,row02966,0,0
4,4,row02521,0,0
8,8,row17368,0,0
1,1,row00551,0,0
6,6,row04618,0,0
12,12,row11360,0,0
3,3,row02017,0,0
8,8,row14231,0,0
12,12,row11325,0,0
5,5,row04171,0,0
9,9,row07744,0,0
6,6,row05185,0,0
12,12,row12281,0,0
11,11,row09642,0,0
5,5,row03414,0,0
6,6,row15548,0,0
6,6,row19852,0,0
0,0,row00367,0,0
12,12,row11162,0,0
1,1,row00912,0,0
8,8,row14113,0,0
8,8,row14331,0,0
2,2,row01237,0,0
12,12,row12071,0,0
7,7,row12775,0,0
8,8,row14852,0,0
2,2,row01300,0,0
10,10,row09253,0,0
7,7,row21983,0,0
6,6,row20131,0,0
7,7,row22555,0,0
11,11,row10080,0,0
10,10,row09029,0,0
7,7,row12987,0,0
7,7,row06290,0,0
12,12,row11099,0,0
1,1,row00875,0,0
2,2,row01517,0,0
8,8,row17028,0,0
4,4,row02482,0,0
12,12,row11938,0,0
7,7,row22152,0,0
6,6,row15846,0,0
5,5,row13215,0,0
7,7,row20957,0,0
11,11,row10383,0,0
1,1,row00580,0,0
6,6,row19122,0,0
6,6,row04627,0,0
6,6,row05328,0,0
8,8,row13984,0,0
5,5,row13409,0,0
6,6,row15995,0,0
9,9,row07926,0,0
7,7,row21412,0,0
10,10,row09013,0,0
9,9,row08053,0,0
3,3,row02261,0,0
3,3,row01988,0,0
12,12,row11267,0,0
11,11,row09814,0,0
1,1,row00620,0,0
8,8,row14996,0,0
6,6,row18925,0,0
6,6,row05365,0,0
2,2,row01626,0,0
9,9,row08241,0,0
9,9,row07774,0,0
11,11,row10185,0,0
8,8,row14762,0,0
12,12,row11676,0,0
9,9,row08353,0,0
5,5,row04032,0,0
3,3,row02230,0,0
9,9,row08657,0,0
6,6,row15715,0,0
3,3,row02392,0,0
7,7,row21449,0,0
8,8,row07161,0,0
12,12,row11696,0,0
4,4,row03037,0,0
6,6,row04501,0,0
1,1,row00696,0,0
8,8,row14712,0,0
6,6,row15248,0,0
11,11,row09599,0,0
9,9,row07852,0,0
6,6,row05835,0,0
6,6,row04869,0,0
9,9,row18220,0,0
0,0,row00214,0,0
1,1,row00486,0,0
12,12,row12373,0,0
11,11,row09999,0,0
6,6,row19775,0,0
10,10,row08896,0,0
4,4,row03306,0,0
9,9,row17845,0,0
6,6,row19799,0,0
9,9,row07869,0,0
11,11,row10169,0,0
3,3,row02195,0,0
7,7,row21660,0,0
12,12,row11251,0,0
10,10,row09115,0,0
5,5,row04446,0,0
6,6,row19193,0,0
12,12,row11252,0,0
2,2,row01508,0,0
6,6,row15578,0,0
8,8,row13829,0,0
4,4,row23392,0,0
0,0,row00450,0,0
2,2,row01643,0,0
2,2,row01488,0,0
11,11,row10344,0,0
11,11,row09611,0,0
5,5,row13042,0,0
8,8,row16966,0,0
8,8,row07148,0,0
8,8,row07355,0,0
7,7,row20642,0,0
4,4,row02609,0,0
6,6,row15567,0,0
5,5,row13411,0,0
1,1,row00873,0,0
9,9,row18185,0,0
2,2,row01276,0,0
7,7,row20928,0,0
3,3,row02062,0,0
5,5,row03510,0,0
5,5,row13332,0,0
11,11,row09596,0,0
7,7,row22883,0,0
6,6,row19884,0,0
12,12,row12277,0,0
11,11,row09864,0,0
6,6,row16497,0,0
8,8,row14907,0,0
3,3,row02354,0,0
4,4,row23259,0,0
6,6,row20047,0,0
7,7,row20907,0,0
12,12,row11609,0,0
12,12,row12365,0,0
4,4,row23427,0,0
2,2,row01254,0,0
12,12,row11707,0,0
12,12,row12177,0,0
12,12,row11046,0,0
6,6,row15262,0,0
6,6,row16230,0,0
12,12,row12110,0,0
7,7,row13022,0,0
12,12,row11361,0,0
6,6,row20152,0,0
5,5,row13200,0,0
8,8,row17199,0,0
5,5,row13120,0,0
10,10,row09304,0,0
9,9,row18312,0,0
8,8,row17448,0,0
6,6,row05691,0,0
3,3,row02215,0,0
10,10,row09333,0,0
5,5,row03844,0,0
7,7,row12540,0,0
12,12,row11473,0,0
6,6,row16173,0,0
8,8,row14365,0,0
2,2,row01042,0,0
5,5,row04480,0,0
10,10,row09372,0,0
11,11,row09940,0,0
2,2,row01649,0,0
11,11,row10451,0,0
10,10,row09220,0,0
3,3,row02327,0,0
5,5,row13221,0,0
5,5,row03616,0,0
8,8,row17240,0,0
7,7,row12874,0,0
8,8,row14672,0,0
6,6,row16175,0,0
8,8,row07325,0,0
1,1,row00539,0,0
6,6,row18898,0,0
0,0,row00194,0,0
4,4,row03215,0,0
7,7,row20805,0,0
8,8,row17360,0,0
6,6,row05060,0,0
4,4,row23471,0,0
12,12,row12100,0,0
6,6,row04941,0,0
9,9,row18499,0,0
0,0,row00079,0,0
12,12,row11680,0,0
11,11,row10046,0,0
8,8,row15034,0,0
12,12,row11262,0,0
7,7,row22108,0,0
9,9,row07848,0,0
1,1,row00878,0,0
11,11,row10487,0,0
8,8,row16898,0,0
10,10,row08999,0,0
7,7,row20734,0,0
10,10,row08755,0,0
3,3,row02022,0,0
6,6,row18893,0,0
8,8,row16789,0,0
12,12,row11875,0,0
5,5,row03460,0,0
10,10,row08743,0,0
6,6,row18695,0,0
11,11,row09856,0,0
9,9,row18583,0,0
4,4,row02605,0,0
1,1,row00865,0,0
8,8,row14565,0,0
0,0,row00152,0,0
0,0,row00188,0,0
2,2,row01173,0,0
11,11,row09936,0,0
5,5,row13258,0,0
9,9,row18013,0,0
6,6,row16396,0,0
9,9,row18252,0,0
2,2,row01003,0,0
6,6,row19027,0,0
5,5,row04191,0,0
6,6,row20079,0,0
12,12,row12161,0,0
8,8,row13853,0,0
12,12,row12185,0,0
0,0,row00155,0,0
3,3,row01986,0,0
9,9,row17831,0,0
10,10,row08758,0,0
6,6,row05670,0,0
7,7,row22518,0,0
7,7,row22670,0,0
9,9,row07878,0,0
12,12,row12124,0,0
12,12,row11235,0,0
8,8,row07340,0,0
1,1,row00835,0,0
9,9,row18631,0,0
11,11,row09613,0,0
5,5,row13706,0,0
6,6,row16398,0,0
11,11,row10561,0,0
7,7,row22899,0,0
6,6,row20375,0,0
5,5,row03472,0,0
11,11,row09680,0,0
7,7,row22784,0,0
8,8,row14222,0,0
9,9,row18136,0,0
12,12,row12166,0,0
10,10,row09166,0,0
6,6,row05845,0,0
4,4,row23260,0,0
8,8,row15140,0,0
7,7,row20754,0,0
2,2,row01105,0,0
8,8,row14188,0,0
5,5,row04210,0,0
10,10,row09161,0,0
4,4,row23292,0,0
12,12,row12333,0,0
8,8,row14348,0,0
5,5,row03978,0,0
7,7,row21677,0,0
8,8,row17181,0,0
3,3,row02131,0,0
4,4,row02636,0,0
9,9,row07815,0,0
6,6,row19356,0,0
9,9,row08098,0,0
1,1,row00801,0,0
2,2,row01553,0,0
2,2,row01406,0,0
12,12,row12178,0,0
0,0,row00296,0,0
8,8,row15148,0,0
7,7,row06939,0,0
8,8,row16669,0,0
9,9,row18475,0,0
10,10,row08890,0,0
2,2,row01302,0,0
9,9,row07719,0,0
12,12,row12239,0,0
2,2,row01697,0,0
6,6,row19121,0,0
2,2,row01637,0,0
6,6,row15649,0,0
8,8,row17136,0,0
7,7,row22149,0,0
10,10,row09058,0,0
8,8,row15097,0,0
5,5,row04036,0,0
2,2,row01282,0,0
11,11,row09854,0,0
9,9,row18012,0,0
2,2,row01776,0,0
8,8,row16744,0,0
11,11,row09813,0,0
2,2,row01784,0,0
6,6,row04756,0,0
4,4,row03257,0,0
6,6,row16072,0,0
12,12,row11420,0,0
11,11,row10053,0,0
7,7,row22926,0,0
8,8,row16890,0,0
5,5,row13733,0,0
6,6,row05192,0,0
12,12,row11219,0,0
6,6,row19524,0,0
4,4,row23642,0,0
3,3,row02452,0,0
6,6,row04714,0,0
3,3,row02076,0,0
12,12,row11552,0,0
7,7,row06100,0,0
4,4,row23239,0,0
11,11,row09852,0,0
6,6,row05589,0,0
6,6,row20386,0,0
0,0,row00434,0,0
7,7,row22906,0,0
9,9,row18561,0,0
5,5,row13574,0,0
12,12,row11807,0,0
4,4,row23479,0,0
12,12,row12147,0,0
4,4,row23316,0,0
3,3,row02124,0,0
6,6,row05406,0,0
11,11,row10478,0,0
2,2,row01677,0,0
4,4,row02499,0,0
4,4,row03334,0,0
2,2,row00924,0,0
4,4,row02760,0,0
4,4,row23318,0,0
0,0,row00075,0,0
10,10,row08863,0,0
9,9,row17948,0,0
9,9,row18032,0,0
3,3,row02147,0,0
6,6,row16157,0,0
2,2,row01063,0,0
9,9,row18184,0,0
5,5,row04024,0,0
6,6,row15913,0,0
8,8,row14658,0,0
9,9,row08511,0,0
9,9,row08517,0,0
0,0,row00249,0,0
7,7,row12457,0,0
0,0,row00448,0,0
12,12,row11672,0,0
8,8,row07073,0,0
6,6,row19284,0,0
11,11,row09697,0,0
10,10,row09323,0,0
6,6,row16404,0,0
11,11,row10599,0,0
4,4,row02969,0,0
0,0,row00095,0,0
12,12,row12151,0,0
12,12,row11195,0,0
11,11,row10184,0,0
12,12,row11654,0,0
9,9,row18293,0,0
12,12,row11972,0,0
8,8,row14011,0,0
11,11,row10766,0,0
11,11,row10566,0,0
11,11,row09806,0,0
0,0,row00318,0,0
1,1,row00630,0,0
10,10,row08821,0,0
6,6,row04760,0,0
11,11,row09972,0,0
7,7,row20723,0,0
8,8,row14470,0,0
2,2,row01085,0,0
12,12,row12360,0,0
2,2,row01217,0,0
12,12,row12258,0,0
12,12,row11735,0,0
9,9,row18582,0,0
11,11,row10541,0,0
6,6,row05609,0,0
8,8,row17382,0,0
6,6,row16387,0,0
6,6,row16556,0,0
6,6,row16564,0,0
3,3,row02007,0,0
4,4,row23312,0,0
11,11,row10008,0,0
8,8,row13884,0,0
1,1,row00900,0,0
8,8,row07124,0,0
11,11,row10859,0,0
3,3,row02186,0,0
2,2,row01143,0,0
12,12,row11216,0,0
11,11,row10481,0,0
3,3,row02079,0,0
2,2,row01545,0,0
4,4,row02986,0,0
4,4,row23708,0,0
4,4,row02644,0,0
3,3,row02067,0,0
11,11,row09717,0,0
5,5,row13207,0,0
5,5,row04452,0,0
6,6,row20096,0,0
7,7,row21874,0,0
12,12,row12376,0,0
11,11,row10017,0,0
7,7,row20588,0,0
7,7,row21802,0,0
8,8,row16791,0,0
12,12,row11198,0,0
12,12,row11888,0,0
11,11,row10477,0,0
9,9,row18127,0,0
12,12,row11464,0,0
6,6,row05898,0,0
11,11,row10555,0,0
7,7,row12611,0,0
11,11,row10073,0,0
12,12,row12197,0,0
0,0,row00081,0,0
7,7,row21927,0,0
12,12,row12345,0,0
4,4,row03213,0,0
5,5,row13549,0,0
7,7,row21957,0,0
12,12,row11217,0,0
10,10,row09201,0,0
11,11,row10206,0,0
6,6,row04750,0,0
5,5,row13576,0,0
8,8,row07219,0,0
4,4,row23244,0,0
9,9,row07761,0,0
1,1,row00698,0,0
10,10,row09310,0,0
7,7,row22651,0,0
8,8,row14241,0,0
2,2,row01655,0,0
5,5,row13378,0,0
4,4,row23694,0,0
10,10,row09047,0,0
6,6,row20443,0,0
6,6,row16535,0,0
12,12,row11081,0,0
9,9,row07753,0,0
11,11,row10119,0,0
3,3,row02202,0,0
8,8,row14366,0,0
8,8,row16973,0,0
10,10,row08858,0,0
4,4,row02932,0,0
7,7,row21552,0,0
12,12,row11861,0,0
6,6,row15237,0,0
4,4,row03290,0,0
9,9,row18635,0,0
12,12,row12037,0,0
0,0,row00371,0,0
12,12,row12122,0,0
6,6,row15902,0,0
7,7,row21897,0,0
5,5,row13303,0,0
6,6,row18894,0,0
7,7,row06660,0,0
8,8,row17103,0,0
5,5,row13095,0,0
5,5,row13119,0,0
9,9,row07889,0,0
12,12,row11665,0,0
5,5,row13188,0,0
10,10,row09377,0,0
8,8,row17311,0,0
11,11,row09783,0,0
10,10,row09049,0,0
8,8,row15027,0,0
9,9,row17944,0,0
12,12,row12324,0,0
6,6,row15574,0,0
5,5,row04152,0,0
6,6,row05133,0,0
12,12,row11732,0,0
2,2,row01215,0,0
3,3,row02335,0,0
2,2,row01581,0,0
7,7,row21730,0,0
5,5,row04052,0,0
7,7,row21021,0,0
10,10,row09444,0,0
6,6,row15295,0,0
8,8,row07046,0,0
6,6,row15214,0,0
11,11,row10026,0,0
11,11,row10565,0,0
11,11,row10643,0,0
11,11,row10700,0,0
6,6,row15736,0,0
7,7,row06812,0,0
6,6,row15910,0,0
12,12,row11918,0,0
4,4,row23463,0,0
4,4,row03064,0,0
8,8,row07218,0,0
7,7,row06688,0,0
7,7,row23167,0,0
0,0,row00412,0,0
6,6,row18931,0,0
6,6,row20451,0,0
6,6,row19112,0,0
8,8,row17016,0,0
2,2,row01586,0,0
6,6,row19302,0,0
10,10,row09376,0,0
3,3,row01965,0,0
4,4,row23405,0,0
10,10,row09488,0,0
6,6,row19511,0,0
7,7,row12715,0,0
9,9,row18574,0,0
9,9,row18494,0,0
2,2,row01564,0,0
7,7,row06133,0,0
8,8,row07701,0,0
7,7,row12503,0,0
0,0,row00021,0,0
12,12,row11322,0,0
7,7,row21317,0,0
7,7,row20949,0,0
0,0,row00458,0,0
5,5,row13480,0,0
5,5,row13262,0,0
9,9,row18647,0,0
6,6,row19654,0,0
6,6,row04718,0,0
11,11,row10196,0,0
7,7,row20709,0,0
5,5,row03829,0,0
8,8,row14882,0,0
8,8,row14940,0,0
10,10,row09019,0,0
12,12,row11913,0,0
9,9,row08115,0,0
5,5,row04182,0,0
0,0,row00012,0,0
11,11,row10140,0,0
6,6,row16563,0,0
2,2,row01478,0,0
5,5,row13765,0,0
5,5,row13144,0,0
9,9,row07961,0,0
10,10,row08852,0,0
8,8,row14876,0,0
7,7,row22775,0,0
7,7,row22841,0,0
12,12,row11720,0,0
7,7,row22360,0,0
6,6,row18819,0,0
1,1,row00587,0,0
10,10,row08939,0,0
6,6,row20106,0,0
0,0,row00022,0,0
6,6,row15422,0,0
4,4,row02907,0,0
6,6,row19556,0,0
11,11,row09829,0,0
2,2,row01483,0,0
0,0,row00405,0,0
7,7,row21032,0,0
11,11,row10233,0,0
6,6,row20200,0,0
9,9,row18504,0,0
6,6,row20294,0,0
12,12,row11592,0,0
7,7,row12436,0,0
4,4,row23592,0,0
0,0,row00283,0,0
10,10,row09389,0,0
6,6,row05168,0,0
6,6,row19756,0,0
7,7,row21627,0,0
12,12,row12316,0,0
9,9,row17969,0,0
8,8,row15021,0,0
4,4,row23278,0,0
4,4,row23596,0,0
9,9,row18344,0,0
5,5,row04245,0,0
9,9,row18608,0,0
8,8,row14721,0,0
5,5,row13637,0,0
12,12,row11612,0,0
3,3,row02038,0,0
4,4,row23702,0,0
2,2,row01389,0,0
11,11,row10145,0,0
11,11,row09687,0,0
6,6,row05756,0,0
6,6,row16195,0,0
4,4,row23738,0,0
3,3,row02172,0,0
11,11,row10363,0,0
1,1,row00714,0,0
7,7,row22600,0,0
6,6,row19422,0,0
8,8,row07384,0,0
6,6,row05376,0,0
11,11,row10015,0,0
8,8,row14000,0,0
2,2,row01592,0,0
8,8,row16932,0,0
8,8,row07215,0,0
3,3,row01959,0,0
7,7,row06266,0,0
3,3,row01904,0,0
4,4,row02853,0,0
6,6,row16640,0,0
5,5,row13583,0,0
6,6,row19334,0,0
11,11,row10461,0,0
12,12,row11834,0,0
4,4,row23220,0,0
12,12,row11116,0,0
10,10,row08766,0,0
11,11,row10623,0,0
11,11,row10612,0,0
7,7,row22731,0,0
5,5,row03778,0,0
7,7,row12721,0,0
6,6,row04742,0,0
9,9,row17954,0,0
9,9,row08485,0,0
11,11,row10741,0,0
7,7,row22174,0,0
9,9,row08051,0,0
0,0,row00272,0,0
6,6,row15710,0,0
10,10,row09101,0,0
7,7,row20788,0,0
2,2,row01614,0,0
6,6,row15986,0,0
9,9,row18209,0,0
0,0,row00143,0,0
8,8,row16804,0,0
0,0,row00463,0,0
2,2,row00973,0,0
11,11,row10408,0,0
1,1,row00784,0,0
9,9,row08022,0,0
6,6,row15912,0,0
1,1,row00616,0,0
6,6,row20209,0,0
7,7,row06605,0,0
1,1,row00745,0,0
9,9,row08516,0,0
3,3,row02127,0,0
8,8,row14289,0,0
7,7,row22107,0,0
11,11,row10862,0,0
11,11,row09772,0,0
12,12,row11996,0,0
6,6,row19179,0,0
11,11,row10677,0,0
7,7,row22693,0,0
12,12,row12084,0,0
11,11,row10884,0,0
8,8,row17114,0,0
8,8,row17117,0,0
6,6,row05504,0,0
0,0,row00252,0,0
12,12,row11278,0,0
12,12,row11761,0,0
11,11,row09993,0,0
7,7,row20688,0,0
11,11,row10775,0,0
11,11,row10216,0,0
8,8,row15001,0,0
8,8,row14160,0,0
5,5,row03413,0,0
2,2,row01071,0,0
5,5,row04416,0,0
6,6,row16476,0,0
1,1,row00755,0,0
6,6,row15572,0,0
10,10,row09247,0,0
5,5,row03527,0,0
6,6,row05836,0,0
8,8,row07253,0,0
11,11,row10238,0,0
10,10,row09228,0,0
7,7,row22716,0,0
4,4,row02746,0,0
0,0,row00341,0,0
12,12,row11454,0,0
6,6,row19629,0,0
10,10,row09221,0,0
7,7,row23119,0,0
7,7,row06832,0,0
7,7,row22909,0,0
12,12,row11175,0,0
11,11,row10435,0,0
9,9,row18027,0,0
11,11,row10143,0,0
6,6,row04693,0,0
8,8,row15041,0,0
12,12,row11667,0,0
11,11,row10417,0,0
10,10,row09117,0,0
11,11,row09988,0,0
12,12,row11688,0,0
8,8,row07234,0,0
7,7,row22766,0,0
2,2,row01554,0,0
7,7,row21938,0,0
6,6,row05576,0,0
6,6,row04619,0,0
6,6,row19706,0,0
1,1,row00826,0,0
8,8,row14209,0,0
8,8,row14755,0,0
7,7,row21456,0,0
7,7,row06606,0,0
8,8,row17144,0,0
1,1,row00716,0,0
2,2,row01738,0,0
10,10,row08833,0,0
6,6,row19345,0,0
2,2,row01249,0,0
11,11,row10710,0,0
6,6,row05353,0,0
2,2,row01191,0,0
7,7,row06644,0,0
10,10,row09332,0,0
12,12,row11250,0,0
12,12,row12301,0,0
10,10,row08837,0,0
9,9,row08629,0,0
0,0,row00106,0,0
1,1,row00536,0,0
11,11,row10248,0,0
6,6,row04617,0,0
12,12,row11226,0,0
3,3,row02235,0,0
10,10,row09268,0,0
8,8,row14085,0,0
9,9,row08238,0,0
11,11,row10049,0,0
1,1,row00750,0,0
8,8,row14689,0,0
5,5,row03467,0,0
9,9,row08622,0,0
4,4,row23605,0,0
8,8,row07243,0,0
7,7,row20730,0,0
7,7,row06428,0,0
8,8,row14216,0,0
0,0,row00189,0,0
6,6,row16079,0,0
11,11,row10784,0,0
8,8,row07036,0,0
8,8,row07185,0,0
6,6,row16616,0,0
11,11,row09834,0,0
8,8,row16785,0,0
6,6,row05867,0,0
10,10,row08841,0,0
11,11,row10433,0,0
6,6,row04664,0,0
3,3,row01998,0,0
12,12,row11695,0,0
0,0,row00439,0,0
4,4,row23325,0,0
12,12,row12159,0,0
6,6,row18862,0,0
2,2,row01059,0,0
12,12,row11642,0,0
8,8,row14177,0,0
6,6,row16468,0,0
4,4,row03283,0,0
5,5,row03535,0,0
2,2,row01452,0,0
12,12,row12005,0,0
9,9,row08599,0,0
2,2,row01265,0,0
5,5,row04451,0,0
0,0,row00191,0,0
2,2,row01078,0,0
2,2,row01607,0,0
12,12,row11873,0,0
6,6,row05303,0,0
6,6,row05548,0,0
12,12,row12317,0,0
9,9,row17880,0,0
1,1,row00572,0,0
8,8,row17128,0,0
7,7,row12725,0,0
6,6,row05808,0,0
10,10,row09341,0,0
8,8,row16835,0,0
8,8,row07314,0,0
0,0,row00132,0,0
0,0,row00449,0,0
11,11,row10901,0,0
12,12,row11651,0,0
5,5,row03971,0,0
10,10,row09252,0,0
4,4,row02683,0,0
12,12,row11082,0,0
6,6,row19595,0,0
7,7,row21850,0,0
9,9,row17918,0,0
6,6,row18948,0,0
12,12,row11071,0,0
3,3,row02322,0,0
7,7,row06849,0,0
6,6,row15619,0,0
9,9,row07930,0,0
0,0,row00051,0,0
6,6,row19142,0,0
7,7,row06757,0,0
9,9,row08296,0,0
6,6,row04677,0,0
1,1,row00768,0,0
12,12,row12040,0,0
1,1,row00506,0,0
11,11,row10729,0,0
4,4,row23617,0,0
3,3,row02121,0,0
12,12,row11185,0,0
12,12,row11824,0,0
0,0,row00164,0,0
8,8,row16888,0,0
7,7,row20847,0,0
4,4,row03135,0,0
7,7,row06165,0,0
8,8,row15132,0,0
8,8,row07007,0,0
5,5,row03935,0,0
8,8,row16697,0,0
10,10,row09237,0,0
7,7,row22855,0,0
8,8,row14992,0,0
6,6,row20459,0,0
4,4,row03040,0,0
1,1,row00559,0,0
7,7,row20659,0,0
12,12,row11766,0,0
8,8,row14006,0,0
6,6,row20054,0,0
0,0,row00180,0,0
8,8,row14269,0,0
8,8,row07052,0,0
0,0,row00413,0,0
6,6,row19474,0,0
6,6,row16317,0,0
6,6,row05903,0,0
11,11,row09892,0,0
12,12,row11533,0,0
1,1,row00861,0,0
11,11,row10404,0,0
6,6,row19029,0,0
9,9,row08279,0,0
10,10,row08881,0,0
3,3,row01976,0,0
11,11,row09884,0,0
7,7,row22204,0,0
10,10,row08850,0,0
7,7,row06158,0,0
0,0,row00135,0,0
0,0,row00133,0,0
3,3,row02403,0,0
6,6,row05625,0,0
4,4,row23500,0,0
8,8,row13792,0,0
10,10,row08795,0,0
6,6,row18748,0,0
2,2,row01332,0,0
7,7,row21009,0,0
2,2,row01017,0,0
12,12,row11725,0,0
4,4,row23465,0,0
1,1,row00782,0,0
6,6,row04819,0,0
2,2,row01474,0,0
9,9,row08011,0,0
9,9,row07794,0,0
7,7,row20727,0,0
3,3,row02405,0,0
4,4,row02617,0,0
2,2,row01049,0,0
9,9,row08603,0,0
7,7,row22993,0,0
9,9,row08258,0,0
6,6,row05165,0,0
6,6,row05225,0,0
9,9,row18020,0,0
8,8,row14991,0,0
5,5,row03825,0,0
8,8,row07361,0,0
4,4,row02762,0,0
10,10,row09124,0,0
8,8,row15168,0,0
7,7,row22329,0,0
2,2,row01405,0,0
7,7,row20773,0,0
2,2,row01045,0,0
12,12,row12193,0,0
12,12,row11638,0,0
7,7,row12576,0,0
6,6,row15485,0,0
4,4,row03054,0,0
6,6,row15692,0,0
9,9,row08204,0,0
4,4,row03231,0,0
7,7,row06683,0,0
7,7,row22644,0,0
6,6,row20374,0,0
7,7,row21886,0,0
11,11,row09835,0,0
9,9,row18334,0,0
6,6,row05375,0,0
9,9,row08315,0,0
1,1,row00778,0,0
2,2,row01583,0,0
8,8,row14581,0,0
11,11,row10460,0,0
6,6,row04988,0,0
12,12,row11266,0,0
7,7,row22082,0,0
6,6,row16056,0,0
7,7,row06177,0,0
8,8,row15130,0,0
7,7,row21918,0,0
10,10,row09366,0,0
6,6,row19088,0,0
12,12,row11845,0,0
2,2,row01591,0,0
3,3,row01991,0,0
12,12,row11169,0,0
8,8,row14919,0,0
9,9,row18051,0,0
8,8,row14059,0,0
8,8,row13903,0,0
2,2,row01746,0,0
7,7,row23006,0,0
3,3,row02412,0,0
9,9,row07984,0,0
8,8,row13901,0,0
6,6,row19396,0,0
6,6,row15247,0,0
4,4,row23233,0,0
1,1,row00786,0,0
4,4,row23556,0,0
12,12,row11321,0,0
12,12,row11860,0,0
8,8,row17400,0,0
6,6,row20261,0,0
5,5,row03533,0,0
4,4,row02726,0,0
6,6,row19680,0,0
7,7,row21495,0,0
7,7,row22106,0,0
7,7,row06863,0,0
4,4,row23526,0,0
6,6,row04528,0,0
12,12,row12357,0,0
7,7,row22838,0,0
8,8,row14746,0,0
6,6,row19520,0,0
0,0,row00129,0,0
6,6,row04668,0,0
10,10,row09277,0,0
5,5,row04122,0,0
12,12,row11846,0,0
6,6,row19770,0,0
7,7,row12511,0,0
11,11,row10087,0,0
12,12,row11269,0,0
4,4,row23321,0,0
10,10,row08689,0,0
7,7,row22805,0,0
9,9,row07804,0,0
9,9,row17974,0,0
5,5,row03419,0,0
3,3,row01882,0,0
9,9,row18636,0,0
8,8,row17139,0,0
12,12,row11930,0,0
5,5,row03466,0,0
2,2,row01296,0,0
6,6,row20146,0,0
0,0,row00026,0,0
11,11,row10332,0,0
5,5,row13772,0,0
3,3,row02120,0,0
8,8,row17168,0,0
7,7,row20939,0,0
9,9,row07971,0,0
7,7,row20912,0,0
6,6,row18791,0,0
12,12,row12212,0,0
7,7,row21012,0,0
7,7,row22691,0,0
10,10,row08836,0,0
7,7,row23080,0,0
5,5,row03530,0,0
7,7,row21329,0,0
12,12,row11754,0,0
8,8,row16857,0,0
2,2,row01291,0,0
6,6,row19984,0,0
8,8,row13950,0,0
11,11,row10426,0,0
7,7,row21564,0,0
11,11,row09673,0,0
12,12,row11497,0,0
9,9,row08200,0,0
5,5,row04211,0,0
5,5,row13085,0,0
9,9,row08342,0,0
2,2,row01152,0,0
4,4,row03098,0,0
6,6,row15443,0,0
2,2,row01665,0,0
9,9,row08504,0,0
4,4,row23428,0,0
11,11,row09975,0,0
6,6,row05805,0,0
11,11,row09961,0,0
7,7,row20886,0,0
4,4,row03088,0,0
7,7,row06398,0,0
7,7,row22226,0,0
7,7,row12520,0,0
11,11,row09682,0,0
10,10,row08892,0,0
11,11,row10587,0,0
6,6,row05411,0,0
12,12,row11021,0,0
0,0,row00082,0,0
6,6,row18671,0,0
10,10,row08886,0,0
5,5,row13259,0,0
5,5,row13778,0,0
2,2,row01757,0,0
8,8,row17350,0,0
7,7,row06333,0,0
4,4,row23627,0,0
4,4,row03209,0,0
5,5,row13365,0,0
7,7,row21684,0,0
9,9,row18524,0,0
8,8,row15003,0,0
9,9,row17908,0,0
4,4,row03222,0,0
2,2,row01548,0,0
5,5,row13349,0,0
12,12,row12253,0,0
6,6,row04548,0,0
9,9,row18028,0,0
2,2,row01416,0,0
11,11,row10827,0,0
2,2,row01361,0,0
7,7,row12929,0,0
12,12,row12307,0,0
0,0,row00406,0,0
11,11,row09721,0,0
11,11,row10658,0,0
6,6,row20473,0,0
11,11,row09782,0,0
0,0,row00182,0,0
2,2,row01504,0,0
4,4,row03096,0,0
4,4,row23660,0,0
11,11,row10868,0,0
9,9,row08208,0,0
5,5,row03401,0,0
12,12,row11194,0,0
12,12,row12001,0,0
7,7,row22279,0,0
6,6,row16641,0,0
12,12,row11001,0,0
9,9,row08164,0,0
5,5,row13383,0,0
10,10,row09555,0,0
6,6,row19965,0,0
7,7,row22305,0,0
11,11,row09730,0,0
9,9,row18578,0,0
8,8,row14117,0,0
11,11,row09872,0,0
12,12,row11662,0,0
8,8,row15124,0,0
6,6,row05202,0,0
9,9,row18375,0,0
7,7,row21840,0,0
12,12,row11909,0,0
11,11,row10528,0,0
7,7,row22773,0,0
2,2,row01721,0,0
7,7,row21672,0,0
8,8,row17192,0,0
2,2,row01101,0,0
4,4,row02490,0,0
11,11,row10787,0,0
7,7,row12822,0,0
0,0,row00080,0,0
10,10,row09391,0,0
7,7,row22814,0,0
7,7,row06807,0,0
6,6,row19108,0,0
11,11,row10685,0,0
6,6,row04919,0,0
1,1,row00695,0,0
8,8,row14369,0,0
0,0,row00353,0,0
5,5,row13673,0,0
11,11,row10314,0,0
4,4,row23655,0,0
7,7,row06176,0,0
11,11,row10698,0,0
2,2,row01761,0,0
3,3,row01982,0,0
8,8,row14315,0,0
1,1,row00538,0,0
12,12,row11007,0,0
3,3,row02293,0,0
10,10,row09538,0,0
9,9,row18283,0,0
2,2,row01288,0,0
5,5,row13230,0,0
7,7,row22547,0,0
6,6,row16203,0,0
9,9,row08326,0,0
2,2,row01009,0,0
8,8,row17326,0,0
5,5,row04178,0,0
2,2,row01727,0,0
6,6,row20325,0,0
11,11,row10536,0,0
6,6,row20396,0,0
9,9,row18224,0,0
12,12,row12380,0,0
7,7,row21112,0,0
6,6,row05427,0,0
9,9,row07920,0,0
5,5,row03410,0,0
6,6,row16277,0,0
5,5,row03524,0,0
8,8,row16793,0,0
8,8,row14943,0,0
7,7,row06507,0,0
4,4,row02935,0,0
8,8,row15060,0,0
8,8,row16682,0,0
7,7,row21916,0,0
6,6,row20388,0,0
6,6,row15368,0,0
11,11,row10320,0,0
6,6,row16496,0,0
7,7,row22444,0,0
11,11,row09686,0,0
4,4,row02606,0,0
7,7,row20981,0,0
12,12,row10990,0,0
5,5,row04067,0,0
7,7,row20821,0,0
10,10,row09212,0,0
7,7,row22742,0,0
10,10,row09192,0,0
12,12,row11467,0,0
9,9,row08659,0,0
4,4,row03197,0,0
4,4,row23604,0,0
11,11,row10465,0,0
6,6,row15702,0,0
0,0,row00298,0,0
11,11,row10950,0,0
2,2,row00943,0,0
8,8,row13904,0,0
10,10,row08968,0,0
1,1,row00904,0,0
8,8,row14828,0,0
7,7,row06236,0,0
7,7,row22242,0,0
2,2,row01498,0,0
11,11,row10624,0,0
11,11,row10904,0,0
12,12,row11218,0,0
7,7,row21103,0,0
12,12,row11416,0,0
7,7,row22890,0,0
10,10,row09499,0,0
9,9,row08142,0,0
5,5,row13069,0,0
8,8,row17330,0,0
2,2,row01283,0,0
9,9,row07908,0,0
3,3,row02320,0,0
3,3,row02197,0,0
6,6,row16156,0,0
7,7,row20670,0,0
12,12,row11855,0,0
8,8,row17180,0,0
8,8,row16936,0,0
7,7,row22122,0,0
12,12,row11788,0,0
9,9,row17964,0,0
2,2,row01536,0,0
9,9,row07877,0,0
5,5,row03853,0,0
11,11,row10874,0,0
10,10,row08893,0,0
5,5,row13656,0,0
2,2,row01130,0,0
8,8,row16686,0,0
7,7,row12814,0,0
9,9,row07846,0,0
3,3,row02292,0,0
6,6,row19130,0,0
6,6,row05418,0,0
6,6,row20336,0,0
12,12,row11757,0,0
4,4,row02810,0,0
11,11,row10359,0,0
3,3,row02135,0,0
6,6,row16169,0,0
11,11,row10954,0,0
11,11,row10051,0,0
6,6,row05439,0,0
6,6,row19764,0,0
8,8,row17042,0,0
2,2,row01041,0,0
4,4,row23559,0,0
9,9,row18547,0,0
4,4,row23352,0,0
9,9,row07865,0,0
5,5,row13701,0,0
8,8,row17073,0,0
4,4,row23560,0,0
3,3,row02102,0,0
6,6,row18788,0,0
6,6,row16471,0,0
12,12,row11496,0,0
11,11,row10323,0,0
7,7,row06556,0,0
8,8,row14659,0,0
12,12,row11514,0,0
12,12,row12303,0,0
8,8,row17234,0,0
12,12,row11603,0,0
10,10,row08993,0,0
12,12,row11418,0,0
12,12,row11559,0,0
0,0,row00190,0,0
10,10,row09307,0,0
4,4,row03138,0,0
7,7,row12847,0,0
12,12,row11724,0,0
2,2,row01269,0,0
8,8,row15026,0,0
7,7,row12778,0,0
10,10,row08754,0,0
6,6,row20404,0,0
2,2,row01211,0,0
5,5,row04411,0,0
5,5,row13632,0,0
3,3,row02064,0,0
8,8,row16822,0,0
9,9,row18208,0,0
0,0,row00372,0,0
11,11,row10804,0,0
12,12,row12198,0,0
11,11,row09636,0,0
6,6,row15293,0,0
0,0,row00162,0,0
7,7,row20578,0,0
8,8,row17200,0,0
4,4,row02593,0,0
11,11,row09941,0,0
3,3,row02162,0,0
5,5,row13557,0,0
7,7,row20609,0,0
6,6,row20119,0,0
4,4,row02686,0,0
4,4,row23180,0,0
11,11,row10406,0,0
11,11,row10078,0,0
7,7,row21520,0,0
2,2,row01606,0,0
11,11,row10687,0,0
1,1,row00840,0,0
2,2,row01381,0,0
6,6,row19186,0,0
0,0,row00335,0,0
12,12,row10988,0,0
12,12,row11151,0,0
5,5,row13440,0,0
2,2,row01137,0,0
4,4,row23319,0,0
5,5,row13610,0,0
0,0,row00306,0,0
4,4,row03103,0,0
2,2,row01505,0,0
9,9,row08082,0,0
8,8,row16644,0,0
11,11,row10720,0,0
7,7,row21676,0,0
3,3,row02332,0,0
12,12,row11841,0,0
8,8,row14957,0,0
6,6,row20446,0,0
8,8,row07473,0,0
8,8,row17113,0,0
11,11,row10427,0,0
6,6,row05841,0,0
5,5,row03661,0,0
4,4,row23692,0,0
3,3,row01858,0,0
6,6,row18913,0,0
6,6,row05120,0,0
2,2,row01438,0,0
11,11,row09665,0,0
2,2,row01001,0,0
11,11,row09685,0,0
8,8,row06985,0,0
7,7,row06074,0,0
3,3,row02347,0,0
5,5,row04081,0,0
1,1,row00897,0,0
8,8,row07047,0,0
12,12,row11424,0,0
4,4,row23514,0,0
5,5,row04371,0,0
4,4,row02677,0,0
3,3,row02314,0,0
8,8,row07490,0,0
7,7,row21468,0,0
10,10,row09415,0,0
4,4,row03157,0,0
11,11,row10616,0,0
7,7,row22726,0,0
12,12,row11178,0,0
12,12,row12172,0,0
11,11,row10097,0,0
8,8,row06980,0,0
4,4,row23735,0,0
12,12,row11715,0,0
12,12,row12268,0,0
7,7,row22787,0,0
11,11,row09970,0,0
6,6,row19433,0,0
11,11,row10648,0,0
0,0,row00184,0,0
12,12,row11350,0,0
7,7,row12491,0,0
4,4,row23333,0,0
6,6,row20065,0,0
6,6,row16493,0,0
8,8,row14038,0,0
3,3,row02349,0,0
1,1,row00800,0,0
1,1,row00731,0,0
8,8,row07269,0,0
5,5,row13424,0,0
7,7,row23024,0,0
10,10,row09461,0,0
0,0,row00285,0,0
6,6,row04680,0,0
6,6,row15496,0,0
3,3,row02248,0,0
12,12,row11952,0,0
6,6,row16514,0,0
6,6,row05273,0,0
9,9,row18466,0,0
9,9,row18413,0,0
11,11,row10524,0,0
7,7,row21880,0,0
7,7,row06899,0,0
3,3,row01833,0,0
3,3,row02303,0,0
7,7,row12642,0,0
2,2,row01597,0,0
5,5,row04212,0,0
8,8,row15141,0,0
12,12,row11538,0,0
10,10,row08771,0,0
7,7,row06211,0,0
6,6,row19754,0,0
4,4,row23725,0,0
4,4,row23412,0,0
5,5,row04438,0,0
12,12,row11176,0,0
5,5,row13361,0,0
11,11,row10825,0,0
12,12,row12304,0,0
9,9,row18268,0,0
7,7,row06326,0,0
12,12,row11503,0,0
6,6,row20395,0,0
5,5,row04274,0,0
11,11,row09798,0,0
6,6,row05425,0,0
5,5,row13488,0,0
6,6,row16532,0,0
8,8,row14871,0,0
5,5,row13683,0,0
12,12,row11783,0,0
8,8,row14825,0,0
5,5,row13282,0,0
8,8,row14089,0,0
10,10,row09330,0,0
10,10,row09547,0,0
2,2,row01737,0,0
5,5,row03651,0,0
5,5,row04377,0,0
5,5,row13436,0,0
5,5,row13311,0,0
12,12,row11336,0,0
8,8,row07467,0,0
6,6,row04762,0,0
1,1,row00854,0,0
12,12,row11403,0,0
7,7,row20882,0,0
6,6,row16060,0,0
9,9,row18223,0,0
12,12,row11673,0,0
5,5,row03954,0,0
8,8,row16740,0,0
6,6,row05361,0,0
5,5,row04012,0,0
2,2,row01595,0,0
6,6,row19816,0,0
10,10,row08818,0,0
1,1,row00525,0,0
12,12,row11453,0,0
1,1,row00648,0,0
7,7,row22042,0,0
6,6,row15669,0,0
6,6,row19753,0,0
6,6,row04686,0,0
0,0,row00209,0,0
2,2,row01571,0,0
7,7,row06830,0,0
5,5,row03732,0,0
6,6,row05326,0,0
7,7,row06549,0,0
8,8,row14214,0,0
2,2,row00958,0,0
8,8,row14226,0,0
7,7,row21528,0,0
8,8,row14976,0,0
6,6,row04915,0,0
8,8,row14649,0,0
2,2,row01589,0,0
8,8,row14343,0,0
9,9,row17945,0,0
4,4,row03136,0,0
12,12,row12238,0,0
12,12,row11236,0,0
0,0,row00393,0,0
6,6,row20306,0,0
11,11,row10852,0,0
12,12,row11896,0,0
4,4,row23466,0,0
9,9,row18652,0,0
7,7,row22568,0,0
9,9,row08068,0,0
6,6,row16389,0,0
7,7,row21831,0,0
1,1,row00555,0,0
7,7,row22233,0,0
6,6,row05824,0,0
8,8,row17025,0,0
10,10,row08840,0,0
6,6,row20290,0,0
9,9,row18318,0,0
7,7,row21973,0,0
4,4,row03013,0,0
8,8,row14040,0,0
6,6,row19111,0,0
7,7,row23029,0,0
10,10,row08941,0,0
4,4,row03245,0,0
12,12,row11501,0,0
1,1,row00881,0,0
9,9,row08615,0,0
10,10,row09096,0,0
11,11,row09701,0,0
2,2,row01777,0,0
6,6,row05137,0,0
9,9,row18314,0,0
11,11,row10551,0,0
4,4,row02549,0,0
11,11,row10953,0,0
12,12,row11141,0,0
4,4,row03126,0,0
10,10,row09142,0,0
7,7,row22074,0,0
9,9,row07808,0,0
12,12,row11954,0,0
12,12,row11488,0,0
1,1,row00634,0,0
1,1,row00627,0,0
2,2,row01119,0,0
12,12,row11338,0,0
9,9,row07811,0,0
7,7,row22979,0,0
12,12,row12181,0,0
6,6,row05669,0,0
7,7,row20663,0,0
9,9,row08025,0,0
11,11,row10466,0,0
7,7,row22024,0,0
4,4,row23251,0,0
6,6,row16536,0,0
4,4,row03365,0,0
11,11,row10377,0,0
11,11,row10133,0,0
8,8,row14569,0,0
8,8,row15016,0,0
3,3,row01870,0,0
6,6,row04651,0,0
6,6,row19755,0,0
6,6,row05811,0,0
4,4,row02737,0,0
4,4,row23553,0,0
11,11,row10968,0,0
7,7,row22240,0,0
8,8,row16762,0,0
6,6,row15297,0,0
10,10,row09458,0,0
6,6,row04493,0,0
0,0,row00291,0,0
8,8,row07267,0,0
2,2,row01331,0,0
12,12,row12257,0,0
6,6,row18952,0,0
6,6,row15249,0,0
6,6,row16601,0,0
8,8,row06982,0,0
1,1,row00825,0,0
6,6,row15442,0,0
4,4,row02768,0,0
2,2,row01077,0,0
12,12,row11711,0,0
3,3,row02440,0,0
6,6,row05380,0,0
8,8,row16831,0,0
8,8,row16993,0,0
11,11,row10815,0,0
11,11,row09881,0,0
11,11,row09967,0,0
5,5,row13455,0,0
7,7,row12745,0,0
10,10,row08872,0,0
9,9,row17856,0,0
1,1,row00852,0,0
10,10,row09424,0,0
6,6,row19211,0,0
5,5,row04315,0,0
2,2,row01280,0,0
11,11,row09735,0,0
6,6,row19623,0,0
11,11,row10589,0,0
12,12,row11152,0,0
8,8,row16716,0,0
8,8,row13892,0,0
6,6,row04980,0,0
6,6,row16498,0,0
9,9,row18644,0,0
9,9,row17934,0,0
6,6,row18992,0,0
7,7,row21373,0,0
6,6,row16597,0,0
0,0,row00282,0,0
9,9,row18440,0,0
10,10,row09563,0,0
2,2,row01010,0,0
5,5,row13617,0,0
11,11,row10578,0,0
8,8,row16767,0,0
4,4,row23670,0,0
12,12,row11637,0,0
0,0,row00286,0,0
12,12,row11863,0,0
1,1,row00788,0,0
9,9,row18449,0,0
5,5,row03742,0,0
11,11,row10562,0,0
7,7,row20891,0,0
8,8,row14767,0,0
12,12,row11230,0,0
9,9,row08048,0,0
2,2,row01598,0,0
12,12,row11869,0,0
10,10,row08671,0,0
6,6,row19248,0,0
6,6,row04586,0,0
5,5,row04458,0,0
11,11,row10092,0,0
11,11,row10916,0,0
9,9,row08202,0,0
10,10,row09036,0,0
12,12,row11510,0,0
7,7,row06327,0,0
10,10,row08700,0,0
1,1,row00481,0,0
1,1,row00473,0,0
11,11,row10591,0,0
1,1,row00665,0,0
4,4,row03324,0,0
5,5,row13330,0,0
10,10,row09574,0,0
5,5,row04268,0,0
12,12,row11865,0,0
7,7,row21734,0,0
6,6,row04938,0,0
8,8,row14594,0,0
8,8,row14887,0,0
3,3,row01907,0,0
6,6,row18746,0,0
1,1,row00811,0,0
12,12,row12300,0,0
6,6,row16605,0,0
9,9,row08016,0,0
7,7,row22202,0,0
11,11,row10761,0,0
7,7,row22862,0,0
4,4,row23509,0,0
9,9,row08372,0,0
10,10,row09524,0,0
4,4,row02692,0,0
9,9,row18491,0,0
4,4,row02755,0,0
5,5,row13049,0,0
9,9,row08076,0,0
6,6,row19448,0,0
12,12,row11339,0,0
10,10,row09570,0,0
12,12,row11268,0,0
7,7,row12509,0,0
7,7,row21044,0,0
5,5,row04045,0,0
2,2,row01669,0,0
6,6,row19554,0,0
2,2,row01033,0,0
5,5,row04143,0,0
2,2,row01061,0,0
5,5,row03679,0,0
10,10,row08935,0,0
5,5,row03555,0,0
12,12,row11709,0,0
6,6,row15221,0,0
12,12,row11622,0,0
8,8,row14158,0,0
6,6,row19231,0,0
2,2,row01593,0,0
4,4,row02580,0,0
11,11,row10172,0,0
12,12,row11125,0,0
3,3,row01853,0,0
6,6,row16046,0,0
7,7,row20641,0,0
6,6,row16207,0,0
3,3,row02119,0,0
9,9,row18646,0,0
3,3,row02326,0,0
0,0,row00083,0,0
3,3,row01900,0,0
10,10,row09439,0,0
12,12,row11097,0,0
12,12,row11859,0,0
6,6,row18879,0,0
6,6,row05356,0,0
2,2,row01608,0,0
5,5,row04039,0,0
12,12,row11663,0,0
6,6,row20390,0,0
8,8,row13916,0,0
12,12,row11022,0,0
6,6,row16419,0,0
2,2,row01114,0,0
12,12,row12283,0,0
6,6,row05263,0,0
7,7,row22588,0,0
6,6,row15911,0,0
3,3,row02287,0,0
6,6,row19960,0,0
7,7,row21001,0,0
8,8,row14859,0,0
4,4,row03240,0,0
6,6,row04531,0,0
3,3,row01791,0,0
2,2,row01613,0,0
7,7,row20997,0,0
4,4,row23221,0,0
10,10,row09421,0,0
6,6,row04859,0,0
5,5,row04183,0,0
12,12,row12195,0,0
6,6,row18892,0,0
12,12,row11002,0,0
12,12,row11378,0,0
5,5,row03931,0,0
3,3,row01873,0,0
11,11,row10944,0,0
2,2,row01205,0,0
0,0,row00024,0,0
12,12,row11660,0,0
11,11,row09640,0,0
1,1,row00635,0,0
1,1,row00588,0,0
11,11,row10522,0,0
0,0,row00000,0,0
3,3,row02317,0,0
1,1,row00557,0,0
2,2,row01212,0,0
5,5,row13065,0,0
12,12,row12174,0,0
5,5,row13419,0,0
4,4,row23522,0,0
10,10,row08778,0,0
6,6,row19269,0,0
7,7,row20772,0,0
3,3,row02358,0,0
7,7,row12744,0,0
8,8,row14840,0,0
10,10,row09502,0,0
1,1,row00690,0,0
10,10,row09514,0,0
6,6,row04821,0,0
12,12,row11115,0,0
7,7,row06854,0,0
11,11,row10201,0,0
5,5,row13304,0,0
8,8,row07669,0,0
1,1,row00797,0,0
7,7,row21121,0,0
2,2,row01630,0,0
7,7,row22142,0,0
7,7,row22022,0,0
11,11,row10037,0,0
8,8,row16967,0,0
6,6,row18866,0,0
4,4,row23364,0,0
8,8,row14656,0,0
4,4,row23421,0,0
2,2,row01383,0,0
8,8,row14921,0,0
6,6,row19350,0,0
3,3,row02003,0,0
0,0,row00254,0,0
8,8,row17356,0,0
10,10,row08688,0,0
5,5,row13267,0,0
9,9,row08054,0,0
6,6,row20118,0,0
9,9,row18023,0,0
8,8,row13809,0,0
7,7,row22014,0,0
8,8,row07086,0,0
7,7,row21988,0,0
8,8,row14821,0,0
6,6,row19009,0,0
11,11,row10823,0,0
3,3,row02238,0,0
8,8,row16794,0,0
9,9,row08381,0,0
3,3,row02206,0,0
2,2,row01365,0,0
4,4,row02980,0,0
0,0,row00097,0,0
12,12,row12010,0,0
12,12,row11212,0,0
1,1,row00613,0,0
7,7,row22453,0,0
2,2,row01202,0,0
6,6,row05547,0,0
6,6,row20177,0,0
12,12,row12149,0,0
11,11,row10128,0,0
11,11,row10127,0,0
11,11,row10211,0,0
9,9,row18444,0,0
6,6,row05949,0,0
5,5,row13761,0,0
11,11,row10644,0,0
9,9,row18520,0,0
9,9,row18445,0,0
6,6,row19335,0,0
4,4,row23570,0,0
12,12,row11129,0,0
12,12,row11387,0,0
8,8,row14048,0,0
11,11,row10821,0,0
12,12,row11944,0,0
12,12,row11544,0,0
8,8,row16776,0,0
5,5,row13452,0,0
2,2,row01509,0,0
12,12,row12092,0,0
11,11,row10268,0,0
5,5,row13590,0,0
5,5,row04010,0,0
10,10,row09172,0,0
7,7,row22059,0,0
6,6,row04521,0,0
6,6,row20287,0,0
3,3,row02146,0,0
10,10,row09135,0,0
1,1,row00842,0,0
6,6,row15966,0,0
12,12,row11275,0,0
3,3,row02178,0,0
2,2,row01742,0,0
12,12,row12232,0,0
12,12,row11786,0,0
1,1,row00590,0,0
7,7,row21674,0,0
0,0,row00396,0,0
6,6,row19181,0,0
9,9,row08312,0,0
8,8,row14376,0,0
11,11,row09965,0,0
4,4,row23252,0,0
6,6,row18832,0,0
10,10,row09069,0,0
5,5,row13316,0,0
9,9,row07796,0,0
12,12,row11223,0,0
8,8,row14866,0,0
7,7,row21235,0,0
6,6,row19395,0,0
10,10,row08970,0,0
12,12,row11629,0,0
11,11,row10875,0,0
1,1,row00867,0,0
12,12,row11090,0,0
8,8,row14695,0,0
6,6,row05039,0,0
8,8,row15092,0,0
7,7,row06397,0,0
6,6,row19730,0,0
4,4,row23440,0,0
6,6,row16604,0,0
8,8,row14904,0,0
7,7,row21579,0,0
6,6,row16465,0,0
0,0,row00329,0,0
5,5,row13703,0,0
0,0,row00239,0,0
7,7,row12919,0,0
11,11,row09841,0,0
12,12,row12012,0,0
12,12,row11183,0,0
8,8,row07011,0,0
12,12,row11209,0,0
7,7,row22499,0,0
9,9,row08323,0,0
1,1,row00843,0,0
9,9,row07882,0,0
12,12,row11482,0,0
12,12,row12069,0,0
1,1,row00863,0,0
12,12,row11749,0,0
9,9,row18521,0,0
8,8,row06958,0,0
11,11,row10843,0,0
6,6,row19450,0,0
11,11,row09956,0,0
11,11,row10798,0,0
5,5,row03605,0,0
0,0,row00198,0,0
8,8,row14316,0,0
4,4,row03100,0,0
12,12,row11376,0,0
7,7,row12405,0,0
12,12,row11885,0,0
1,1,row00785,0,0
9,9,row07966,0,0
0,0,row00248,0,0
11,11,row09888,0,0
7,7,row20894,0,0
5,5,row03690,0,0
10,10,row09147,0,0
12,12,row11821,0,0
7,7,row22477,0,0
3,3,row01829,0,0
7,7,row06772,0,0
12,12,row12188,0,0
2,2,row00964,0,0
11,11,row10689,0,0
11,11,row10137,0,0
1,1,row00507,0,0
12,12,row11827,0,0
0,0,row00432,0,0
0,0,row00384,0,0
4,4,row03095,0,0
6,6,row20367,0,0
3,3,row02455,0,0
6,6,row05237,0,0
6,6,row18718,0,0
7,7,row20715,0,0
12,12,row11697,0,0
5,5,row03529,0,0
12,12,row11659,0,0
6,6,row04654,0,0
7,7,row06944,0,0
0,0,row00063,0,0
12,12,row11837,0,0
2,2,row01731,0,0
12,12,row11245,0,0
0,0,row00255,0,0
9,9,row08263,0,0
3,3,row01839,0,0
0,0,row00074,0,0
12,12,row11829,0,0
11,11,row09929,0,0
8,8,row17102,0,0
12,12,row11068,0,0
4,4,row23503,0,0
7,7,row22908,0,0
11,11,row10038,0,0
12,12,row12370,0,0
12,12,row12093,0,0
4,4,row23680,0,0
7,7,row23126,0,0
6,6,row04705,0,0
1,1,row00766,0,0
8,8,row07191,0,0
2,2,row01148,0,0
12,12,row11848,0,0
9,9,row07714,0,0
7,7,row22931,0,0
6,6,row20460,0,0
11,11,row10938,0,0
7,7,row21498,0,0
6,6,row05823,0,0
11,11,row10778,0,0
6,6,row15504,0,0
2,2,row01758,0,0
9,9,row07983,0,0
9,9,row18563,0,0
4,4,row23458,0,0
8,8,row17249,0,0
6,6,row18835,0,0
12,12,row10993,0,0
12,12,row10994,0,0
6,6,row16550,0,0
6,6,row04926,0,0
9,9,row08474,0,0
12,12,row12031,0,0
8,8,row14523,0,0
12,12,row12138,0,0
7,7,row12607,0,0
6,6,row18761,0,0
6,6,row19259,0,0
2,2,row01639,0,0
11,11,row09748,0,0
9,9,row18429,0,0
9,9,row08111,0,0
2,2,row01197,0,0
3,3,row01922,0,0
12,12,row11386,0,0
8,8,row07142,0,0
4,4,row02832,0,0
7,7,row20627,0,0
12,12,row11228,0,0
4,4,row23387,0,0
6,6,row18657,0,0
12,12,row12041,0,0
0,0,row00053,0,0
6,6,row15455,0,0
7,7,row20989,0,0
5,5,row03551,0,0
5,5,row03697,0,0
3,3,row02473,0,0
10,10,row09405,0,0
5,5,row13468,0,0
9,9,row08125,0,0
3,3,row01972,0,0
2,2,row01621,0,0
4,4,row03335,0,0
6,6,row19678,0,0
10,10,row08735,0,0
6,6,row04614,0,0
8,8,row17365,0,0
8,8,row14061,0,0
2,2,row01053,0,0
8,8,row07484,0,0
12,12,row11698,0,0
7,7,row22136,0,0
0,0,row00459,0,0
5,5,row03528,0,0
11,11,row10707,0,0
2,2,row01723,0,0
9,9,row18125,0,0
2,2,row01234,0,0
3,3,row01891,0,0
12,12,row11133,0,0
5,5,row03547,0,0
2,2,row01714,0,0
2,2,row00939,0,0
12,12,row11095,0,0
12,12,row11065,0,0
8,8,row14660,0,0
0,0,row00163,0,0
10,10,row08808,0,0
4,4,row03264,0,0
10,10,row09375,0,0
11,11,row10181,0,0
7,7,row12383,0,0
6,6,row19549,0,0
8,8,row14131,0,0
7,7,row20606,0,0
9,9,row08619,0,0
2,2,row01736,0,0
5,5,row03395,0,0
4,4,row23740,0,0
9,9,row08521,0,0
4,4,row03110,0,0
8,8,row16815,0,0
10,10,row08674,0,0
7,7,row22183,0,0
4,4,row03041,0,0
11,11,row10902,0,0
3,3,row02383,0,0
8,8,row13911,0,0
11,11,row10750,0,0
7,7,row13029,0,0
9,9,row08256,0,0
10,10,row09578,0,0
12,12,row11817,0,0
10,10,row08885,0,0
3,3,row01914,0,0
2,2,row01580,0,0
4,4,row23482,0,0
7,7,row22616,0,0
12,12,row11037,0,0
0,0,row00154,0,0
9,9,row18287,0,0
10,10,row08951,0,0
4,4,row23227,0,0
6,6,row19909,0,0
5,5,row03604,0,0
5,5,row13360,0,0
4,4,row23698,0,0
2,2,row01344,0,0
1,1,row00582,0,0
8,8,row14985,0,0
9,9,row18477,0,0
9,9,row07770,0,0
6,6,row20565,0,0
8,8,row14475,0,0
12,12,row11231,0,0
7,7,row06169,0,0
3,3,row02294,0,0
9,9,row18323,0,0
12,12,row11448,0,0
6,6,row19313,0,0
7,7,row22728,0,0
0,0,row00031,0,0
6,6,row16425,0,0
6,6,row05751,0,0
5,5,row13260,0,0
7,7,row22140,0,0
4,4,row03056,0,0
6,6,row18921,0,0
9,9,row18329,0,0
7,7,row21416,0,0
7,7,row12521,0,0
11,11,row10380,0,0
11,11,row09594,0,0
8,8,row14638,0,0
8,8,row07229,0,0
1,1,row00516,0,0
6,6,row05562,0,0
9,9,row08128,0,0
4,4,row02552,0,0
6,6,row20527,0,0
8,8,row15061,0,0
6,6,row16288,0,0
8,8,row14573,0,0
6,6,row16218,0,0
11,11,row10098,0,0
5,5,row03746,0,0
12,12,row12374,0,0
3,3,row02263,0,0
12,12,row11557,0,0
2,2,row01096,0,0
8,8,row07001,0,0
7,7,row22447,0,0
2,2,row01578,0,0
12,12,row11953,0,0
8,8,row13870,0,0
5,5,row04241,0,0
12,12,row11102,0,0
6,6,row15416,0,0
7,7,row21646,0,0
9,9,row08350,0,0
4,4,row02520,0,0
4,4,row23350,0,0
11,11,row10780,0,0
6,6,row15667,0,0
7,7,row21399,0,0
6,6,row04625,0,0
7,7,row22047,0,0
6,6,row19277,0,0
11,11,row10972,0,0
9,9,row18231,0,0
12,12,row11429,0,0
6,6,row04877,0,0
7,7,row21757,0,0
6,6,row20444,0,0
9,9,row07964,0,0
9,9,row18154,0,0
3,3,row01871,0,0
7,7,row21394,0,0
8,8,row14027,0,0
12,12,row12028,0,0
6,6,row19874,0,0
5,5,row04198,0,0
12,12,row11446,0,0
6,6,row20413,0,0
9,9,row07861,0,0
6,6,row20001,0,0
5,5,row03426,0,0
7,7,row12690,0,0
6,6,row19786,0,0
0,0,row00311,0,0
4,4,row23432,0,0
7,7,row23064,0,0
12,12,row11476,0,0
6,6,row20426,0,0
7,7,row21079,0,0
0,0,row00007,0,0
8,8,row06997,0,0
3,3,row02160,0,0
6,6,row15565,0,0
11,11,row10311,0,0
5,5,row03976,0,0
6,6,row16523,0,0
1,1,row00501,0,0
12,12,row12004,0,0
4,4,row02507,0,0
7,7,row22657,0,0
2,2,row01187,0,0
8,8,row16828,0,0
5,5,row03696,0,0
8,8,row14640,0,0
2,2,row01203,0,0
6,6,row20092,0,0
12,12,row11790,0,0
5,5,row13774,0,0
6,6,row19619,0,0
0,0,row00280,0,0
12,12,row12359,0,0
6,6,row19034,0,0
11,11,row10903,0,0
8,8,row06979,0,0
11,11,row10141,0,0
8,8,row14377,0,0
6,6,row19209,0,0
10,10,row09413,0,0
12,12,row11117,0,0
3,3,row02021,0,0
7,7,row13036,0,0
12,12,row11084,0,0
11,11,row09905,0,0
12,12,row11246,0,0
7,7,row22542,0,0
12,12,row12032,0,0
6,6,row18786,0,0
11,11,row10577,0,0
9,9,row08647,0,0
7,7,row21997,0,0
10,10,row08682,0,0
11,11,row09848,0,0
8,8,row13882,0,0
8,8,row15192,0,0
12,12,row12291,0,0
7,7,row21654,0,0
2,2,row01229,0,0
6,6,row20324,0,0
7,7,row20696,0,0
1,1,row00534,0,0
11,11,row10621,0,0
1,1,row00729,0,0
3,3,row02328,0,0
6,6,row15475,0,0
11,11,row10865,0,0
9,9,row08144,0,0
6,6,row15675,0,0
6,6,row16093,0,0
11,11,row10682,0,0
12,12,row11633,0,0
2,2,row01615,0,0
12,12,row11261,0,0
9,9,row18538,0,0
7,7,row12861,0,0
12,12,row11684,0,0
12,12,row11762,0,0
10,10,row09429,0,0
8,8,row14979,0,0
9,9,row18484,0,0
5,5,row03496,0,0
6,6,row20400,0,0
6,6,row05271,0,0
8,8,row15112,0,0
8,8,row13990,0,0
6,6,row06004,0,0
5,5,row13623,0,0
8,8,row14930,0,0
2,2,row01495,0,0
12,12,row11738,0,0
11,11,row10028,0,0
9,9,row08165,0,0
11,11,row10574,0,0
3,3,row02447,0,0
6,6,row19738,0,0
7,7,row06773,0,0
7,7,row22194,0,0
8,8,row06957,0,0
8,8,row07041,0,0
10,10,row09548,0,0
4,4,row03021,0,0
9,9,row08596,0,0
11,11,row09875,0,0
12,12,row11830,0,0
8,8,row14989,0,0
1,1,row00917,0,0
7,7,row12485,0,0
8,8,row15072,0,0
8,8,row14028,0,0
7,7,row22818,0,0
1,1,row00858,0,0
12,12,row12102,0,0
6,6,row19833,0,0
6,6,row04532,0,0
11,11,row10713,0,0
7,7,row22415,0,0
8,8,row13997,0,0
3,3,row02212,0,0
11,11,row10870,0,0
12,12,row12269,0,0
10,10,row08806,0,0
4,4,row23439,0,0
10,10,row09507,0,0
12,12,row11327,0,0
9,9,row18183,0,0
6,6,row19115,0,0
7,7,row21900,0,0
7,7,row22057,0,0
9,9,row08148,0,0
0,0,row00073,0,0
12,12,row11551,0,0
6,6,row15470,0,0
9,9,row17942,0,0
8,8,row14477,0,0
11,11,row10205,0,0
6,6,row15587,0,0
7,7,row22983,0,0
10,10,row08699,0,0
6,6,row18661,0,0
7,7,row06487,0,0
2,2,row00986,0,0
7,7,row22461,0,0
6,6,row19739,0,0
12,12,row12148,0,0
11,11,row09639,0,0
6,6,row20442,0,0
6,6,row19798,0,0
4,4,row03255,0,0
7,7,row20636,0,0
12,12,row11990,0,0
4,4,row02819,0,0
4,4,row03323,0,0
6,6,row19370,0,0
8,8,row14846,0,0
11,11,row10973,0,0
4,4,row02872,0,0
6,6,row05035,0,0
2,2,row01198,0,0
3,3,row02353,0,0
8,8,row17339,0,0
11,11,row09795,0,0
8,8,row17286,0,0
11,11,row10060,0,0
11,11,row10123,0,0
7,7,row12641,0,0
5,5,row13640,0,0
11,11,row10947,0,0
4,4,row03370,0,0
2,2,row01167,0,0
3,3,row02299,0,0
2,2,row01208,0,0
6,6,row16184,0,0
9,9,row08515,0,0
8,8,row14333,0,0
12,12,row11345,0,0
7,7,row21466,0,0
12,12,row11394,0,0
7,7,row22167,0,0
6,6,row04574,0,0
9,9,row08639,0,0
2,2,row01388,0,0
4,4,row03225,0,0
8,8,row16790,0,0
4,4,row23517,0,0
3,3,row02231,0,0
12,12,row12018,0,0
8,8,row07141,0,0
6,6,row15552,0,0
4,4,row03269,0,0
8,8,row14406,0,0
0,0,row00456,0,0
4,4,row23630,0,0
10,10,row09314,0,0
4,4,row03239,0,0
4,4,row23271,0,0
2,2,row01725,0,0
7,7,row20822,0,0
6,6,row05575,0,0
11,11,row10325,0,0
7,7,row12990,0,0
9,9,row18264,0,0
7,7,row06107,0,0
12,12,row11655,0,0
4,4,row02822,0,0
12,12,row11775,0,0
8,8,row06975,0,0
4,4,row23687,0,0
6,6,row16583,0,0
9,9,row18372,0,0
4,4,row23314,0,0
7,7,row22212,0,0
4,4,row02767,0,0
3,3,row02099,0,0
3,3,row02139,0,0
8,8,row17035,0,0
2,2,row01414,0,0
1,1,row00488,0,0
6,6,row05300,0,0
7,7,row20590,0,0
4,4,row23380,0,0
6,6,row19832,0,0
9,9,row08308,0,0
12,12,row11213,0,0
11,11,row09719,0,0
6,6,row18807,0,0
9,9,row17858,0,0
11,11,row09726,0,0
9,9,row18207,0,0
8,8,row14249,0,0
2,2,row00983,0,0
9,9,row08305,0,0
11,11,row10924,0,0
8,8,row14757,0,0
11,11,row10086,0,0
5,5,row03901,0,0
5,5,row13555,0,0
11,11,row10124,0,0
6,6,row15358,0,0
6,6,row15323,0,0
8,8,row13977,0,0
12,12,row11124,0,0
4,4,row03377,0,0
5,5,row04251,0,0
11,11,row10168,0,0
12,12,row12007,0,0
1,1,row00718,0,0
6,6,row05266,0,0
11,11,row10328,0,0
6,6,row15996,0,0
4,4,row23599,0,0
12,12,row12332,0,0
6,6,row05260,0,0
5,5,row13769,0,0
8,8,row07062,0,0
8,8,row07061,0,0
11,11,row09741,0,0
12,12,row11390,0,0
9,9,row18233,0,0
10,10,row09340,0,0
1,1,row00885,0,0
5,5,row03608,0,0
5,5,row03415,0,0
1,1,row00802,0,0
11,11,row10630,0,0
7,7,row20843,0,0
9,9,row08075,0,0
6,6,row19789,0,0
8,8,row17094,0,0
8,8,row15004,0,0
8,8,row16755,0,0
9,9,row18437,0,0
2,2,row01248,0,0
10,10,row09295,0,0
6,6,row05434,0,0
11,11,row10030,0,0
5,5,row03836,0,0
2,2,row01386,0,0
7,7,row20726,0,0
2,2,row01772,0,0
7,7,row22587,0,0
7,7,row06552,0,0
8,8,row15089,0,0
12,12,row12251,0,0
5,5,row13386,0,0
7,7,row21467,0,0
6,6,row04484,0,0
7,7,row22591,0,0
7,7,row22730,0,0
11,11,row10910,0,0
12,12,row11283,0,0
12,12,row11172,0,0
1,1,row00605,0,0
8,8,row07020,0,0
3,3,row02437,0,0
9,9,row18170,0,0
8,8,row07326,0,0
8,8,row17314,0,0
7,7,row06438,0,0
6,6,row16482,0,0
10,10,row08811,0,0
8,8,row17395,0,0
4,4,row23739,0,0
2,2,row01169,0,0
5,5,row04296,0,0
9,9,row08055,0,0
11,11,row09775,0,0
2,2,row01186,0,0
12,12,row11823,0,0
4,4,row03030,0,0
4,4,row03228,0,0
3,3,row02439,0,0
11,11,row09604,0,0
8,8,row17185,0,0
9,9,row08092,0,0
1,1,row00730,0,0
8,8,row17105,0,0
7,7,row22148,0,0
3,3,row02445,0,0
3,3,row02433,0,0
7,7,row22220,0,0
6,6,row19311,0,0
2,2,row01490,0,0
11,11,row09837,0,0
5,5,row04153,0,0
8,8,row16777,0,0
6,6,row16437,0,0
5,5,row03631,0,0
6,6,row15579,0,0
12,12,row11078,0,0
11,11,row09844,0,0
3,3,row02414,0,0
8,8,row14928,0,0
11,11,row10548,0,0
11,11,row09780,0,0
12,12,row12275,0,0
8,8,row14088,0,0
1,1,row00505,0,0
8,8,row17157,0,0
8,8,row07055,0,0
3,3,row02264,0,0
8,8,row15045,0,0
12,12,row11030,0,0
6,6,row18732,0,0
9,9,row18391,0,0
9,9,row08340,0,0
0,0,row00427,0,0
0,0,row00377,0,0
8,8,row17151,0,0
6,6,row04603,0,0
8,8,row16981,0,0
11,11,row10514,0,0
12,12,row11976,0,0
2,2,row01150,0,0
3,3,row02280,0,0
9,9,row18010,0,0
7,7,row06886,0,0
10,10,row08667,0,0
11,11,row10732,0,0
8,8,row15138,0,0
12,12,row11240,0,0
9,9,row08430,0,0
6,6,row20140,0,0
6,6,row06054,0,0
12,12,row11485,0,0
0,0,row00388,0,0
2,2,row01227,0,0
12,12,row11070,0,0
7,7,row22752,0,0
12,12,row11285,0,0
6,6,row19412,0,0
5,5,row13395,0,0
0,0,row00342,0,0
11,11,row09873,0,0
6,6,row19793,0,0
10,10,row09406,0,0
9,9,row18254,0,0
4,4,row02723,0,0
7,7,row21833,0,0
2,2,row01146,0,0
2,2,row01497,0,0
5,5,row13420,0,0
2,2,row00935,0,0
8,8,row14792,0,0
12,12,row12256,0,0
12,12,row11666,0,0
7,7,row22128,0,0
7,7,row21987,0,0
2,2,row01640,0,0
1,1,row00477,0,0
5,5,row13335,0,0
5,5,row13462,0,0
6,6,row19814,0,0
6,6,row19384,0,0
5,5,row13425,0,0
9,9,row08124,0,0
2,2,row01112,0,0
9,9,row08541,0,0
8,8,row06995,0,0
5,5,row13663,0,0
6,6,row20427,0,0
4,4,row23240,0,0
9,9,row08190,0,0
9,9,row17941,0,0
8,8,row14933,0,0
9,9,row17827,0,0
8,8,row15154,0,0
7,7,row06505,0,0
6,6,row05570,0,0
12,12,row11445,0,0
4,4,row23528,0,0
1,1,row00753,0,0
0,0,row00424,0,0
11,11,row10250,0,0
12,12,row11744,0,0
6,6,row16573,0,0
8,8,row13808,0,0
5,5,row13059,0,0
6,6,row19529,0,0
8,8,row17236,0,0
6,6,row18711,0,0
8,8,row14046,0,0
6,6,row04515,0,0
8,8,row16652,0,0
4,4,row03044,0,0
4,4,row23332,0,0
11,11,row10906,0,0
4,4,row02818,0,0
7,7,row22662,0,0
12,12,row12145,0,0
2,2,row01656,0,0
10,10,row09193,0,0
6,6,row04562,0,0
3,3,row01845,0,0
6,6,row15737,0,0
12,12,row11383,0,0
4,4,row02801,0,0
6,6,row19525,0,0
5,5,row04062,0,0
7,7,row22723,0,0
6,6,row15351,0,0
0,0,row00101,0,0
5,5,row13734,0,0
5,5,row13709,0,0
3,3,row01984,0,0
9,9,row07945,0,0
9,9,row18200,0,0
6,6,row19921,0,0
2,2,row00965,0,0
9,9,row18588,0,0
12,12,row12329,0,0
6,6,row04747,0,0
7,7,row20742,0,0
12,12,row12003,0,0
12,12,row11405,0,0
6,6,row20251,0,0
8,8,row13871,0,0
8,8,row15036,0,0
11,11,row10214,0,0
8,8,row07502,0,0
5,5,row13594,0,0
7,7,row22308,0,0
7,7,row22158,0,0
11,11,row10740,0,0
4,4,row23573,0,0
6,6,row15519,0,0
8,8,row14454,0,0
11,11,row10342,0,0
5,5,row13277,0,0
2,2,row01550,0,0
8,8,row16709,0,0
5,5,row13726,0,0
11,11,row10308,0,0
8,8,row14021,0,0
8,8,row15176,0,0
6,6,row04597,0,0
6,6,row15288,0,0
11,11,row10502,0,0
10,10,row09119,0,0
9,9,row17821,0,0
5,5,row03488,0,0
12,12,row11229,0,0
4,4,row02945,0,0
7,7,row12570,0,0
6,6,row19829,0,0
7,7,row22864,0,0
8,8,row14781,0,0
11,11,row09866,0,0
6,6,row04488,0,0
0,0,row00018,0,0
4,4,row02850,0,0
12,12,row12025,0,0
5,5,row13579,0,0
10,10,row08856,0,0
4,4,row03062,0,0
8,8,row14309,0,0
2,2,row01494,0,0
11,11,row10826,0,0
6,6,row19016,0,0
8,8,row15129,0,0
7,7,row12891,0,0
11,11,row10479,0,0
5,5,row03787,0,0
4,4,row23585,0,0
5,5,row13678,0,0
6,6,row05950,0,0
5,5,row03744,0,0
10,10,row08954,0,0
8,8,row14349,0,0
8,8,row07179,0,0
12,12,row11769,0,0
9,9,row08298,0,0
9,9,row08581,0,0
6,6,row20236,0,0
11,11,row10799,0,0
3,3,row02284,0,0
4,4,row02619,0,0
6,6,row20081,0,0
12,12,row11585,0,0
0,0,row00466,0,0
11,11,row10975,0,0
11,11,row09976,0,0
12,12,row11436,0,0
8,8,row07485,0,0
6,6,row20193,0,0
3,3,row01898,0,0
0,0,row00048,0,0
12,12,row11440,0,0
7,7,row20868,0,0
9,9,row18546,0,0
7,7,row22116,0,0
12,12,row11509,0,0
6,6,row19926,0,0
9,9,row07853,0,0
6,6,row15561,0,0
12,12,row11214,0,0
11,11,row10244,0,0
5,5,row03980,0,0
7,7,row20880,0,0
12,12,row11303,0,0
3,3,row01805,0,0
8,8,row17346,0,0
12,12,row11449,0,0
4,4,row23675,0,0
6,6,row04649,0,0
7,7,row20951,0,0
11,11,row10393,0,0
6,6,row05623,0,0
7,7,row12860,0,0
8,8,row14863,0,0
8,8,row14379,0,0
10,10,row09087,0,0
9,9,row07948,0,0
7,7,row21894,0,0
4,4,row03260,0,0
8,8,row07593,0,0
9,9,row18361,0,0
8,8,row07623,0,0
10,10,row08978,0,0
8,8,row14401,0,0
2,2,row01259,0,0
11,11,row10061,0,0
8,8,row14063,0,0
12,12,row11866,0,0
6,6,row19888,0,0
4,4,row23280,0,0
9,9,row07763,0,0
9,9,row18151,0,0
3,3,row02232,0,0
8,8,row06965,0,0
4,4,row03128,0,0
7,7,row20779,0,0
9,9,row07924,0,0
12,12,row12222,0,0
7,7,row22285,0,0
1,1,row00544,0,0
10,10,row08878,0,0
6,6,row15319,0,0
6,6,row15532,0,0
10,10,row09275,0,0
5,5,row03681,0,0
11,11,row10982,0,0
12,12,row11601,0,0
12,12,row12323,0,0
6,6,row05228,0,0
12,12,row11491,0,0
6,6,row04527,0,0
3,3,row01869,0,0
7,7,row20708,0,0
12,12,row11393,0,0
8,8,row14988,0,0
6,6,row04820,0,0
7,7,row22333,0,0
0,0,row00281,0,0
6,6,row19326,0,0
6,6,row15360,0,0
7,7,row21019,0,0
5,5,row04445,0,0
1,1,row00578,0,0
11,11,row09907,0,0
11,11,row10552,0,0
8,8,row06978,0,0
6,6,row19401,0,0
7,7,row22476,0,0
11,11,row10733,0,0
1,1,row00864,0,0
6,6,row15875,0,0
6,6,row19936,0,0
6,6,row19018,0,0
4,4,row02572,0,0
10,10,row09026,0,0
9,9,row18035,0,0
3,3,row02449,0,0
8,8,row17252,0,0
11,11,row10057,0,0
2,2,row00922,0,0
12,12,row11174,0,0
8,8,row17135,0,0
11,11,row10115,0,0
2,2,row01084,0,0
11,11,row10688,0,0
12,12,row12227,0,0
11,11,row10093,0,0
1,1,row00631,0,0
10,10,row08962,0,0
6,6,row16457,0,0
4,4,row02858,0,0
11,11,row09738,0,0
9,9,row08505,0,0
12,12,row12131,0,0
7,7,row06349,0,0
6,6,row19501,0,0
6,6,row20307,0,0
5,5,row13275,0,0
7,7,row12999,0,0
12,12,row12176,0,0
9,9,row08099,0,0
9,9,row18180,0,0
9,9,row07741,0,0
11,11,row10509,0,0
4,4,row02568,0,0
7,7,row22934,0,0
6,6,row04542,0,0
10,10,row09494,0,0
6,6,row04866,0,0
8,8,row14949,0,0
10,10,row08903,0,0
12,12,row11833,0,0
6,6,row04505,0,0
8,8,row13855,0,0
8,8,row15135,0,0
6,6,row19041,0,0
11,11,row10855,0,0
6,6,row15553,0,0
2,2,row01693,0,0
7,7,row06647,0,0
6,6,row19180,0,0
2,2,row01539,0,0
2,2,row01735,0,0
9,9,row17912,0,0
6,6,row16197,0,0
4,4,row02515,0,0
4,4,row23682,0,0
7,7,row20589,0,0
2,2,row01223,0,0
6,6,row19285,0,0
10,10,row08712,0,0
7,7,row21873,0,0
9,9,row08343,0,0
8,8,row07099,0,0
10,10,row09118,0,0
11,11,row10523,0,0
0,0,row00068,0,0
3,3,row02046,0,0
7,7,row12665,0,0
11,11,row10269,0,0
10,10,row08730,0,0
4,4,row02530,0,0
9,9,row18518,0,0
0,0,row00290,0,0
12,12,row11253,0,0
2,2,row01596,0,0
11,11,row10418,0,0
8,8,row14090,0,0
12,12,row11822,0,0
11,11,row10278,0,0
12,12,row12259,0,0
3,3,row02240,0,0
6,6,row19899,0,0
7,7,row22659,0,0
10,10,row08701,0,0
7,7,row21446,0,0
4,4,row23734,0,0
1,1,row00734,0,0
1,1,row00814,0,0
7,7,row22052,0,0
9,9,row17885,0,0
3,3,row02395,0,0
12,12,row11576,0,0
5,5,row13353,0,0
11,11,row09635,0,0
11,11,row09868,0,0
12,12,row11713,0,0
6,6,row19082,0,0
0,0,row00050,0,0
3,3,row01807,0,0
6,6,row05354,0,0
10,10,row09053,0,0
8,8,row07248,0,0
7,7,row21905,0,0
2,2,row01245,0,0
4,4,row23515,0,0
11,11,row09898,0,0
10,10,row09075,0,0
11,11,row10845,0,0
7,7,row22844,0,0
6,6,row20520,0,0
7,7,row22570,0,0
7,7,row06946,0,0
3,3,row02137,0,0
8,8,row14723,0,0
1,1,row00847,0,0
1,1,row00492,0,0
8,8,row14657,0,0
4,4,row23378,0,0
1,1,row00709,0,0
9,9,row08224,0,0
12,12,row12254,0,0
5,5,row04207,0,0
8,8,row07031,0,0
10,10,row08965,0,0
5,5,row03548,0,0
2,2,row01780,0,0
3,3,row02334,0,0
11,11,row10375,0,0
7,7,row20599,0,0
7,7,row12600,0,0
7,7,row21995,0,0
4,4,row03122,0,0
12,12,row11135,0,0
6,6,row05008,0,0
12,12,row11344,0,0
4,4,row23622,0,0
6,6,row19785,0,0
9,9,row18523,0,0
5,5,row03508,0,0
7,7,row22850,0,0
5,5,row03665,0,0
4,4,row23470,0,0
6,6,row19974,0,0
7,7,row21909,0,0
3,3,row02055,0,0
2,2,row00930,0,0
8,8,row14152,0,0
8,8,row15158,0,0
11,11,row09870,0,0
8,8,row14151,0,0
10,10,row09226,0,0
6,6,row16302,0,0
6,6,row19173,0,0
11,11,row09946,0,0
8,8,row07074,0,0
7,7,row22489,0,0
7,7,row22756,0,0
10,10,row08772,0,0
8,8,row13962,0,0
7,7,row20744,0,0
9,9,row18256,0,0
7,7,row20776,0,0
3,3,row02444,0,0
6,6,row15401,0,0
7,7,row12806,0,0
4,4,row23586,0,0
1,1,row00751,0,0
6,6,row05552,0,0
4,4,row23618,0,0
9,9,row17815,0,0
4,4,row23631,0,0
4,4,row23523,0,0
0,0,row00457,0,0
5,5,row13358,0,0
7,7,row20672,0,0
8,8,row14148,0,0
12,12,row12225,0,0
11,11,row10636,0,0
6,6,row20454,0,0
8,8,row14280,0,0
8,8,row17166,0,0
12,12,row12229,0,0
9,9,row07988,0,0
11,11,row10786,0,0
6,6,row19168,0,0
12,12,row12296,0,0
6,6,row20268,0,0
2,2,row01219,0,0
6,6,row19159,0,0
8,8,row14174,0,0
11,11,row09982,0,0
2,2,row01532,0,0
5,5,row04199,0,0
6,6,row04696,0,0
3,3,row02375,0,0
7,7,row21489,0,0
7,7,row21358,0,0
8,8,row15170,0,0
1,1,row00712,0,0
7,7,row06424,0,0
8,8,row07680,0,0
8,8,row14637,0,0
9,9,row07960,0,0
12,12,row11091,0,0
10,10,row08785,0,0
5,5,row13415,0,0
12,12,row11891,0,0
10,10,row09270,0,0
2,2,row01246,0,0
5,5,row13276,0,0
12,12,row11272,0,0
0,0,row00030,0,0
7,7,row06798,0,0
11,11,row10491,0,0
2,2,row01347,0,0
3,3,row02369,0,0
9,9,row18132,0,0
4,4,row23236,0,0
6,6,row20351,0,0
7,7,row20977,0,0
6,6,row20138,0,0
12,12,row11205,0,0
0,0,row00088,0,0
7,7,row20580,0,0
3,3,row01946,0,0
11,11,row10501,0,0
6,6,row15302,0,0
8,8,row14851,0,0
6,6,row15907,0,0
8,8,row13785,0,0
6,6,row04911,0,0
7,7,row22535,0,0
11,11,row10414,0,0
11,11,row09931,0,0
10,10,row08973,0,0
6,6,row05153,0,0
11,11,row09794,0,0
3,3,row02140,0,0
7,7,row22875,0,0
8,8,row07626,0,0
9,9,row08542,0,0
6,6,row19558,0,0
7,7,row21400,0,0
6,6,row04578,0,0
6,6,row19002,0,0
4,4,row23557,0,0
3,3,row02389,0,0
7,7,row06599,0,0
2,2,row01055,0,0
2,2,row01404,0,0
6,6,row05967,0,0
6,6,row15904,0,0
11,11,row10198,0,0
11,11,row10801,0,0
0,0,row00300,0,0
12,12,row11915,0,0
12,12,row11948,0,0
10,10,row09143,0,0
11,11,row10788,0,0
2,2,row01445,0,0
6,6,row19686,0,0
0,0,row00009,0,0
7,7,row21073,0,0
6,6,row05214,0,0
10,10,row09407,0,0
12,12,row11437,0,0
6,6,row16631,0,0
7,7,row22399,0,0
10,10,row09145,0,0
12,12,row11661,0,0
12,12,row11302,0,0
10,10,row09497,0,0
10,10,row08859,0,0
7,7,row22863,0,0
9,9,row07715,0,0
11,11,row10014,0,0
8,8,row06987,0,0
3,3,row02339,0,0
10,10,row09054,0,0
6,6,row20299,0,0
12,12,row11427,0,0
8,8,row17087,0,0
9,9,row18276,0,0
7,7,row21620,0,0
11,11,row10366,0,0
9,9,row08101,0,0
4,4,row23393,0,0
7,7,row21642,0,0
4,4,row23476,0,0
11,11,row10297,0,0
7,7,row06172,0,0
5,5,row03731,0,0
8,8,row07068,0,0
11,11,row10583,0,0
8,8,row15133,0,0
4,4,row03258,0,0
12,12,row11334,0,0
6,6,row04885,0,0
7,7,row21478,0,0
9,9,row18452,0,0
9,9,row18522,0,0
7,7,row06093,0,0
6,6,row16450,0,0
6,6,row05158,0,0
8,8,row13954,0,0
6,6,row05184,0,0
7,7,row22882,0,0
6,6,row05889,0,0
7,7,row12888,0,0
12,12,row11623,0,0
9,9,row08206,0,0
6,6,row04571,0,0
7,7,row22965,0,0
12,12,row11273,0,0
6,6,row05829,0,0
4,4,row02674,0,0
4,4,row03045,0,0
6,6,row19125,0,0
10,10,row08787,0,0
6,6,row05615,0,0
0,0,row00046,0,0
4,4,row23293,0,0
8,8,row13874,0,0
12,12,row12245,0,0
3,3,row02060,0,0
6,6,row15232,0,0
7,7,row22783,0,0
9,9,row18488,0,0
9,9,row08328,0,0
12,12,row11233,0,0
7,7,row12819,0,0
11,11,row10296,0,0
1,1,row00916,0,0
9,9,row07978,0,0
6,6,row04844,0,0
12,12,row11353,0,0
8,8,row14235,0,0
9,9,row18045,0,0
0,0,row00382,0,0
7,7,row20866,0,0
10,10,row08707,0,0
0,0,row00440,0,0
10,10,row09365,0,0
7,7,row06640,0,0
5,5,row04169,0,0
6,6,row05381,0,0
2,2,row01453,0,0
6,6,row18692,0,0
7,7,row23027,0,0
6,6,row05749,0,0
6,6,row19195,0,0
6,6,row04537,0,0
4,4,row23286,0,0
4,4,row23358,0,0
9,9,row07788,0,0
4,4,row23489,0,0
6,6,row16579,0,0
9,9,row08188,0,0
9,9,row18079,0,0
10,10,row09163,0,0
12,12,row11548,0,0
7,7,row22830,0,0
10,10,row08744,0,0
11,11,row10923,0,0
6,6,row05152,0,0
0,0,row00410,0,0
7,7,row20804,0,0
7,7,row12382,0,0
6,6,row05290,0,0
6,6,row19048,0,0
7,7,row12949,0,0
1,1,row00675,0,0
7,7,row06540,0,0
4,4,row03092,0,0
4,4,row23425,0,0
12,12,row11255,0,0
12,12,row11687,0,0
7,7,row21626,0,0
8,8,row14751,0,0
1,1,row00478,0,0
12,12,row11547,0,0
5,5,row13174,0,0
10,10,row09202,0,0
12,12,row11165,0,0
6,6,row05320,0,0
3,3,row01994,0,0
5,5,row03602,0,0
9,9,row08649,0,0
2,2,row01060,0,0
5,5,row03809,0,0
5,5,row03966,0,0
7,7,row06918,0,0
4,4,row03305,0,0
10,10,row08950,0,0
11,11,row10096,0,0
6,6,row20383,0,0
11,11,row09828,0,0
12,12,row11308,0,0
5,5,row13476,0,0
7,7,row20746,0,0
12,12,row12097,0,0
6,6,row19408,0,0
12,12,row11333,0,0
6,6,row05309,0,0
9,9,row17839,0,0
9,9,row18625,0,0
8,8,row14260,0,0
6,6,row16041,0,0
5,5,row13449,0,0
11,11,row10048,0,0
8,8,row14748,0,0
10,10,row08817,0,0
3,3,row01938,0,0
4,4,row23374,0,0
7,7,row21539,0,0
7,7,row22046,0,0
0,0,row00236,0,0
9,9,row18205,0,0
6,6,row19001,0,0
7,7,row12477,0,0
6,6,row05586,0,0
9,9,row18137,0,0
7,7,row12585,0,0
9,9,row07931,0,0
12,12,row11808,0,0
7,7,row22891,0,0
8,8,row14676,0,0
12,12,row11550,0,0
12,12,row12155,0,0
10,10,row09225,0,0
6,6,row19601,0,0
8,8,row17430,0,0
7,7,row21042,0,0
6,6,row16596,0,0
9,9,row08043,0,0
6,6,row05592,0,0
12,12,row11653,0,0
8,8,row14824,0,0
11,11,row09747,0,0
6,6,row04736,0,0
2,2,row01558,0,0
5,5,row04333,0,0
6,6,row19124,0,0
7,7,row21122,0,0
11,11,row10485,0,0
0,0,row00118,0,0
8,8,row14744,0,0
12,12,row11050,0,0
9,9,row08487,0,0
9,9,row18038,0,0
7,7,row22446,0,0
4,4,row03249,0,0
6,6,row18690,0,0
0,0,row00269,0,0
7,7,row06618,0,0
7,7,row22386,0,0
3,3,row01796,0,0
2,2,row01756,0,0
8,8,row14169,0,0
12,12,row11965,0,0
6,6,row20496,0,0
5,5,row04475,0,0
7,7,row12573,0,0
0,0,row00200,0,0
11,11,row10669,0,0
5,5,row04064,0,0
8,8,row17018,0,0
9,9,row18122,0,0
4,4,row23603,0,0
2,2,row01424,0,0
11,11,row10456,0,0
8,8,row14198,0,0
12,12,row12088,0,0
12,12,row11443,0,0
5,5,row04476,0,0
6,6,row05646,0,0
5,5,row03719,0,0
12,12,row11363,0,0
8,8,row16994,0,0
4,4,row23217,0,0
2,2,row01145,0,0
6,6,row05346,0,0
11,11,row10395,0,0
9,9,row07798,0,0
5,5,row13177,0,0
10,10,row08777,0,0
9,9,row08006,0,0
12,12,row11541,0,0
7,7,row21738,0,0
2,2,row01663,0,0
7,7,row22870,0,0
6,6,row16642,0,0
9,9,row08418,0,0
3,3,row01887,0,0
8,8,row15046,0,0
9,9,row08620,0,0
5,5,row13370,0,0
6,6,row16507,0,0
6,6,row16224,0,0
5,5,row13695,0,0
7,7,row12437,0,0
6,6,row20525,0,0
3,3,row01851,0,0
12,12,row11626,0,0
6,6,row19100,0,0
2,2,row01616,0,0
6,6,row18818,0,0
7,7,row06786,0,0
6,6,row05658,0,0
8,8,row14037,0,0
8,8,row17405,0,0
8,8,row17019,0,0
4,4,row03203,0,0
7,7,row22920,0,0
6,6,row19286,0,0
10,10,row09475,0,0
5,5,row13041,0,0
6,6,row19978,0,0
5,5,row04015,0,0
8,8,row14621,0,0
10,10,row09088,0,0
4,4,row23497,0,0
9,9,row08358,0,0
1,1,row00834,0,0
4,4,row23422,0,0
12,12,row11731,0,0
6,6,row18883,0,0
6,6,row16034,0,0
7,7,row22426,0,0
6,6,row20055,0,0
9,9,row08513,0,0
2,2,row01544,0,0
6,6,row19393,0,0
12,12,row11907,0,0
2,2,row01464,0,0
2,2,row00977,0,0
3,3,row02360,0,0
6,6,row15915,0,0
12,12,row10998,0,0
12,12,row11857,0,0
3,3,row02288,0,0
7,7,row21669,0,0
1,1,row00805,0,0
7,7,row22459,0,0
4,4,row02734,0,0
7,7,row20631,0,0
6,6,row05681,0,0
7,7,row22029,0,0
11,11,row10749,0,0
8,8,row13833,0,0
11,11,row10921,0,0
5,5,row13198,0,0
0,0,row00177,0,0
4,4,row02930,0,0
4,4,row23498,0,0
10,10,row09260,0,0
3,3,row01967,0,0
12,12,row12243,0,0
8,8,row07273,0,0
6,6,row05574,0,0
7,7,row20593,0,0
6,6,row19166,0,0
6,6,row05000,0,0
4,4,row23193,0,0
0,0,row00305,0,0
7,7,row21911,0,0
0,0,row00117,0,0
2,2,row01226,0,0
8,8,row17734,0,0
9,9,row17849,0,0
0,0,row00352,0,0
2,2,row01664,0,0
8,8,row14618,0,0
7,7,row22036,0,0
8,8,row14820,0,0
3,3,row02191,0,0
6,6,row15920,0,0
1,1,row00558,0,0
6,6,row04496,0,0
10,10,row09329,0,0
6,6,row05529,0,0
7,7,row22137,0,0
12,12,row11066,0,0
2,2,row01440,0,0
12,12,row12114,0,0
12,12,row12128,0,0
4,4,row23209,0,0
4,4,row23606,0,0
11,11,row09745,0,0
2,2,row01673,0,0
6,6,row05385,0,0
4,4,row02942,0,0
7,7,row22929,0,0
8,8,row07214,0,0
12,12,row11598,0,0
7,7,row12407,0,0
0,0,row00225,0,0
11,11,row10191,0,0
3,3,row02268,0,0
12,12,row12091,0,0
7,7,row21803,0,0
6,6,row19382,0,0
0,0,row00064,0,0
1,1,row00556,0,0
2,2,row01207,0,0
9,9,row18653,0,0
10,10,row08956,0,0
8,8,row14337,0,0
7,7,row21985,0,0
7,7,row20694,0,0
11,11,row10236,0,0
7,7,row21835,0,0
0,0,row00265,0,0
8,8,row14647,0,0
3,3,row02355,0,0
4,4,row02681,0,0
5,5,row13780,0,0
2,2,row01210,0,0
6,6,row04683,0,0
11,11,row10385,0,0
7,7,row06524,0,0
11,11,row10044,0,0
8,8,row16704,0,0
2,2,row01224,0,0
5,5,row13164,0,0
11,11,row09822,0,0
2,2,row01601,0,0
12,12,row11155,0,0
7,7,row06388,0,0
9,9,row17916,0,0
9,9,row17921,0,0
7,7,row20764,0,0
7,7,row20965,0,0
9,9,row07822,0,0
9,9,row08252,0,0
6,6,row05782,0,0
6,6,row05042,0,0
7,7,row06171,0,0
5,5,row04120,0,0
7,7,row20623,0,0
1,1,row00772,0,0
4,4,row03319,0,0
0,0,row00013,0,0
9,9,row08245,0,0
3,3,row01794,0,0
0,0,row00108,0,0
12,12,row11239,0,0
12,12,row11468,0,0
12,12,row11539,0,0
12,12,row11939,0,0
8,8,row07622,0,0
9,9,row08085,0,0
6,6,row19177,0,0
6,6,row19423,0,0
12,12,row11156,0,0
11,11,row10807,0,0
9,9,row17879,0,0
8,8,row14245,0,0
7,7,row12530,0,0
2,2,row01764,0,0
5,5,row04372,0,0
12,12,row11486,0,0
2,2,row00992,0,0
12,12,row11932,0,0
6,6,row15969,0,0
8,8,row13805,0,0
8,8,row17401,0,0
8,8,row15051,0,0
10,10,row09146,0,0
10,10,row09276,0,0
0,0,row00160,0,0
8,8,row14857,0,0
7,7,row22761,0,0
1,1,row00725,0,0
12,12,row12132,0,0
4,4,row23594,0,0
5,5,row04184,0,0
6,6,row15250,0,0
2,2,row01409,0,0
9,9,row18492,0,0
3,3,row01983,0,0
2,2,row01250,0,0
9,9,row08147,0,0
8,8,row17354,0,0
8,8,row14752,0,0
7,7,row22090,0,0
12,12,row11635,0,0
7,7,row21922,0,0
8,8,row07028,0,0
2,2,row01501,0,0
1,1,row00717,0,0
4,4,row23567,0,0
0,0,row00235,0,0
12,12,row11529,0,0
6,6,row04785,0,0
7,7,row22735,0,0
1,1,row00895,0,0
11,11,row10878,0,0
4,4,row03050,0,0
4,4,row02631,0,0
10,10,row09467,0,0
12,12,row12117,0,0
6,6,row16551,0,0
11,11,row09865,0,0
6,6,row16172,0,0
7,7,row22596,0,0
2,2,row01260,0,0
10,10,row09326,0,0
6,6,row15665,0,0
5,5,row13249,0,0
10,10,row08794,0,0
2,2,row01349,0,0
2,2,row01688,0,0
8,8,row07275,0,0
5,5,row03652,0,0
3,3,row02382,0,0
7,7,row12529,0,0
8,8,row15114,0,0
8,8,row17017,0,0
9,9,row18510,0,0
6,6,row05148,0,0
7,7,row20828,0,0
2,2,row01080,0,0
4,4,row02633,0,0
11,11,row10867,0,0
10,10,row09197,0,0
3,3,row02018,0,0
3,3,row02109,0,0
11,11,row10660,0,0
6,6,row20284,0,0
12,12,row12125,0,0
11,11,row10753,0,0
4,4,row03210,0,0
1,1,row00851,0,0
11,11,row09787,0,0
12,12,row12182,0,0
6,6,row19256,0,0
11,11,row09641,0,0
4,4,row23267,0,0
2,2,row01350,0,0
9,9,row18182,0,0
12,12,row11382,0,0
2,2,row01487,0,0
10,10,row09303,0,0
12,12,row11561,0,0
12,12,row11886,0,0
6,6,row04864,0,0
8,8,row07481,0,0
3,3,row02359,0,0
7,7,row12747,0,0
11,11,row10620,0,0
6,6,row15228,0,0
11,11,row10856,0,0
12,12,row11295,0,0
8,8,row16698,0,0
7,7,row22715,0,0
9,9,row17862,0,0
1,1,row00474,0,0
11,11,row10708,0,0
5,5,row03812,0,0
5,5,row13603,0,0
10,10,row09453,0,0
7,7,row06638,0,0
7,7,row22008,0,0
10,10,row09222,0,0
7,7,row06760,0,0
6,6,row15339,0,0
4,4,row03189,0,0
6,6,row19085,0,0
12,12,row12077,0,0
5,5,row03630,0,0
12,12,row11159,0,0
12,12,row12034,0,0
3,3,row01877,0,0
6,6,row15560,0,0
6,6,row04735,0,0
11,11,row10213,0,0
4,4,row23408,0,0
3,3,row01924,0,0
6,6,row18901,0,0
6,6,row19873,0,0
4,4,row02963,0,0
11,11,row10672,0,0
0,0,row00441,0,0
2,2,row00960,0,0
10,10,row09093,0,0
7,7,row21990,0,0
12,12,row12255,0,0
12,12,row11926,0,0
1,1,row00715,0,0
10,10,row09055,0,0
9,9,row07818,0,0
1,1,row00689,0,0
7,7,row06335,0,0
8,8,row17133,0,0
4,4,row23713,0,0
11,11,row10752,0,0
7,7,row20598,0,0
9,9,row18153,0,0
2,2,row01337,0,0
2,2,row01779,0,0
3,3,row02270,0,0
0,0,row00139,0,0
8,8,row14162,0,0
7,7,row21920,0,0
8,8,row07159,0,0
6,6,row04698,0,0
10,10,row09294,0,0
9,9,row07827,0,0
12,12,row11039,0,0
9,9,row07955,0,0
8,8,row14135,0,0
9,9,row17958,0,0
5,5,row13616,0,0
12,12,row11121,0,0
9,9,row08601,0,0
6,6,row20471,0,0
7,7,row06522,0,0
6,6,row20048,0,0
12,12,row10989,0,0
10,10,row09144,0,0
6,6,row05684,0,0
3,3,row01798,0,0
12,12,row11936,0,0
12,12,row11415,0,0
12,12,row11372,0,0
5,5,row13116,0,0
4,4,row03082,0,0
4,4,row23306,0,0
11,11,row09765,0,0
2,2,row01370,0,0
10,10,row09116,0,0
3,3,row02272,0,0
12,12,row11277,0,0
7,7,row20875,0,0
1,1,row00518,0,0
5,5,row13607,0,0
4,4,row23521,0,0
4,4,row23446,0,0
5,5,row04393,0,0
8,8,row07489,0,0
6,6,row19032,0,0
8,8,row07597,0,0
12,12,row12237,0,0
11,11,row10082,0,0
3,3,row02260,0,0
5,5,row13362,0,0
6,6,row19013,0,0
7,7,row20664,0,0
9,9,row07856,0,0
11,11,row10218,0,0
8,8,row14730,0,0
7,7,row22831,0,0
11,11,row10396,0,0
5,5,row03571,0,0
10,10,row09170,0,0
2,2,row01199,0,0
1,1,row00908,0,0
6,6,row16525,0,0
5,5,row03469,0,0
8,8,row14267,0,0
6,6,row16301,0,0
11,11,row09818,0,0
7,7,row22561,0,0
6,6,row04874,0,0
4,4,row23480,0,0
11,11,row09678,0,0
8,8,row17344,0,0
4,4,row23248,0,0
12,12,row11015,0,0
9,9,row07934,0,0
11,11,row10411,0,0
9,9,row07727,0,0
6,6,row20333,0,0
4,4,row23183,0,0
6,6,row19871,0,0
10,10,row09468,0,0
7,7,row22154,0,0
7,7,row22405,0,0
6,6,row15309,0,0
12,12,row11222,0,0
6,6,row19257,0,0
7,7,row21602,0,0
6,6,row19903,0,0
9,9,row08593,0,0
5,5,row04421,0,0
7,7,row12970,0,0
11,11,row10209,0,0
5,5,row03990,0,0
7,7,row20984,0,0
7,7,row20884,0,0
1,1,row00807,0,0
2,2,row01034,0,0
12,12,row12137,0,0
6,6,row16256,0,0
12,12,row11625,0,0
11,11,row10712,0,0
5,5,row04397,0,0
6,6,row19727,0,0
5,5,row03735,0,0
0,0,row00197,0,0
6,6,row05074,0,0
8,8,row07266,0,0
7,7,row12544,0,0
11,11,row10350,0,0
8,8,row16945,0,0
9,9,row07999,0,0
12,12,row11371,0,0
5,5,row13103,0,0
11,11,row10724,0,0
11,11,row09819,0,0
8,8,row13970,0,0
8,8,row07426,0,0
12,12,row11617,0,0
7,7,row22483,0,0
11,11,row10005,0,0
4,4,row23197,0,0
6,6,row05294,0,0
8,8,row14891,0,0
0,0,row00447,0,0
6,6,row15647,0,0
7,7,row22663,0,0
1,1,row00905,0,0
6,6,row18812,0,0
6,6,row19932,0,0
8,8,row14041,0,0
6,6,row06011,0,0
12,12,row11184,0,0
8,8,row14036,0,0
6,6,row18663,0,0
9,9,row18589,0,0
10,10,row08824,0,0
8,8,row17293,0,0
12,12,row11444,0,0
7,7,row20689,0,0
6,6,row18908,0,0
2,2,row01657,0,0
6,6,row05626,0,0
1,1,row00563,0,0
0,0,row00274,0,0
10,10,row08696,0,0
4,4,row23285,0,0
5,5,row03702,0,0
8,8,row14954,0,0
6,6,row05614,0,0
7,7,row22421,0,0
9,9,row07760,0,0
0,0,row00232,0,0
5,5,row03552,0,0
12,12,row12047,0,0
8,8,row14328,0,0
6,6,row16192,0,0
3,3,row01943,0,0
8,8,row13812,0,0
10,10,row09525,0,0
1,1,row00869,0,0
8,8,row16736,0,0
7,7,row20702,0,0
1,1,row00531,0,0
10,10,row09111,0,0
8,8,row17343,0,0
8,8,row16990,0,0
0,0,row00089,0,0
9,9,row18048,0,0
11,11,row10154,0,0
8,8,row16865,0,0
4,4,row02975,0,0
6,6,row19555,0,0
11,11,row09908,0,0
7,7,row06768,0,0
11,11,row10792,0,0
12,12,row11395,0,0
6,6,row18817,0,0
0,0,row00002,0,0
7,7,row20940,0,0
4,4,row23402,0,0
4,4,row23537,0,0
12,12,row11553,0,0
5,5,row04281,0,0
1,1,row00599,0,0
12,12,row12308,0,0
6,6,row15480,0,0
5,5,row13781,0,0
0,0,row00395,0,0
10,10,row09039,0,0
8,8,row13981,0,0
8,8,row07525,0,0
1,1,row00511,0,0
3,3,row02086,0,0
7,7,row20959,0,0
6,6,row15244,0,0
2,2,row01031,0,0
6,6,row16518,0,0
12,12,row11899,0,0
12,12,row11032,0,0
1,1,row00702,0,0
10,10,row09126,0,0
10,10,row08809,0,0
0,0,row00195,0,0
9,9,row18480,0,0
2,2,row01493,0,0
12,12,row11809,0,0
10,10,row08681,0,0
4,4,row23645,0,0
10,10,row08724,0,0
10,10,row08774,0,0
5,5,row04124,0,0
6,6,row20213,0,0
8,8,row14749,0,0
3,3,row01939,0,0
6,6,row19190,0,0
8,8,row13863,0,0
4,4,row23415,0,0
11,11,row10031,0,0
8,8,row14371,0,0
2,2,row01739,0,0
3,3,row01966,0,0
9,9,row08060,0,0
2,2,row01512,0,0
4,4,row03206,0,0
7,7,row22502,0,0
7,7,row21906,0,0
7,7,row21956,0,0
5,5,row13379,0,0
7,7,row23063,0,0
12,12,row11389,0,0
11,11,row10802,0,0
4,4,row23274,0,0
0,0,row00004,0,0
12,12,row11574,0,0
1,1,row00809,0,0
9,9,row18542,0,0
10,10,row08721,0,0
12,12,row11894,0,0
4,4,row02979,0,0
2,2,row01176,0,0
11,11,row09710,0,0
8,8,row07208,0,0
1,1,row00790,0,0
7,7,row22313,0,0
7,7,row21951,0,0
7,7,row22749,0,0
8,8,row17101,0,0
11,11,row10847,0,0
5,5,row04014,0,0
7,7,row22365,0,0
6,6,row04858,0,0
11,11,row10492,0,0
9,9,row17868,0,0
8,8,row15081,0,0
7,7,row21523,0,0
4,4,row03042,0,0
8,8,row07059,0,0
7,7,row21347,0,0
4,4,row23216,0,0
6,6,row05315,0,0
11,11,row10880,0,0
7,7,row21011,0,0
4,4,row23313,0,0
12,12,row11375,0,0
7,7,row22111,0,0
6,6,row20424,0,0
8,8,row14112,0,0
2,2,row01171,0,0
0,0,row00215,0,0
5,5,row03405,0,0
2,2,row01527,0,0
8,8,row07331,0,0
1,1,row00504,0,0
4,4,row02715,0,0
7,7,row20845,0,0
10,10,row09090,0,0
6,6,row15516,0,0
3,3,row01941,0,0
6,6,row19672,0,0
6,6,row05844,0,0
5,5,row13547,0,0
10,10,row09048,0,0
6,6,row04494,0,0
11,11,row10403,0,0
12,12,row11942,0,0
2,2,row00974,0,0
7,7,row12451,0,0
3,3,row01973,0,0
8,8,row17083,0,0
6,6,row18742,0,0
7,7,row20679,0,0
6,6,row15683,0,0
7,7,row22177,0,0
9,9,row08223,0,0
7,7,row22861,0,0
7,7,row21946,0,0
6,6,row19905,0,0
9,9,row18376,0,0
7,7,row06141,0,0
7,7,row20643,0,0
12,12,row12107,0,0
8,8,row14686,0,0
10,10,row09313,0,0
10,10,row08898,0,0
8,8,row14627,0,0
7,7,row20798,0,0
11,11,row09759,0,0
3,3,row02420,0,0
5,5,row04454,0,0
12,12,row12082,0,0
12,12,row11072,0,0
11,11,row10083,0,0
9,9,row08136,0,0
2,2,row01297,0,0
2,2,row00997,0,0
11,11,row10881,0,0
3,3,row02149,0,0
5,5,row04412,0,0
6,6,row15414,0,0
2,2,row01390,0,0
6,6,row04872,0,0
12,12,row11995,0,0
2,2,row01770,0,0
6,6,row19851,0,0
12,12,row12233,0,0
9,9,row07880,0,0
3,3,row02429,0,0
11,11,row09885,0,0
7,7,row22056,0,0
6,6,row05257,0,0
7,7,row20901,0,0
6,6,row15987,0,0
5,5,row03450,0,0
2,2,row01030,0,0
8,8,row14587,0,0
9,9,row08592,0,0
8,8,row17283,0,0
6,6,row05532,0,0
5,5,row13345,0,0
4,4,row03211,0,0
7,7,row22682,0,0
7,7,row20799,0,0
5,5,row03579,0,0
12,12,row12187,0,0
11,11,row10609,0,0
5,5,row13573,0,0
12,12,row11128,0,0
8,8,row14468,0,0
6,6,row04644,0,0
10,10,row08764,0,0
11,11,row09769,0,0
6,6,row05334,0,0
8,8,row16873,0,0
8,8,row14133,0,0
0,0,row00172,0,0
1,1,row00485,0,0
8,8,row14946,0,0
12,12,row12115,0,0
9,9,row07959,0,0
3,3,row01897,0,0
0,0,row00365,0,0
9,9,row08297,0,0
9,9,row08354,0,0
6,6,row15542,0,0
7,7,row20952,0,0
9,9,row18383,0,0
7,7,row21474,0,0
6,6,row18681,0,0
7,7,row21625,0,0
8,8,row07279,0,0
7,7,row22221,0,0
7,7,row20893,0,0
7,7,row20678,0,0
2,2,row01778,0,0
11,11,row10711,0,0
12,12,row12210,0,0
2,2,row01367,0,0
11,11,row10081,0,0
4,4,row23396,0,0
8,8,row17091,0,0
9,9,row17991,0,0
8,8,row15078,0,0
2,2,row01391,0,0
8,8,row13973,0,0
12,12,row11512,0,0
9,9,row17899,0,0
9,9,row18292,0,0
6,6,row20091,0,0
11,11,row10848,0,0
6,6,row19929,0,0
1,1,row00824,0,0
7,7,row21014,0,0
10,10,row08972,0,0
6,6,row20218,0,0
6,6,row05454,0,0
7,7,row22135,0,0
11,11,row10416,0,0
9,9,row08284,0,0
11,11,row09948,0,0
5,5,row03642,0,0
8,8,row14142,0,0
6,6,row05129,0,0
7,7,row22916,0,0
2,2,row01706,0,0
12,12,row11606,0,0
6,6,row19330,0,0
6,6,row15571,0,0
6,6,row20466,0,0
12,12,row12262,0,0
12,12,row11208,0,0
6,6,row05159,0,0
4,4,row03060,0,0
4,4,row23529,0,0
8,8,row17371,0,0
8,8,row14862,0,0
12,12,row11225,0,0
7,7,row06671,0,0
4,4,row23683,0,0
12,12,row11572,0,0
11,11,row10458,0,0
4,4,row23674,0,0
8,8,row15019,0,0
6,6,row05899,0,0
8,8,row14796,0,0
4,4,row02714,0,0
5,5,row13331,0,0
11,11,row10163,0,0
6,6,row20382,0,0
5,5,row03572,0,0
12,12,row11784,0,0
7,7,row23076,0,0
6,6,row04710,0,0
6,6,row05896,0,0
8,8,row07445,0,0
2,2,row01304,0,0
12,12,row11670,0,0
11,11,row09760,0,0
12,12,row12173,0,0
7,7,row20675,0,0
7,7,row20693,0,0
8,8,row07087,0,0
6,6,row15321,0,0
7,7,row22401,0,0
6,6,row16167,0,0
7,7,row06451,0,0
12,12,row11408,0,0
7,7,row22530,0,0
4,4,row23337,0,0
2,2,row01354,0,0
2,2,row01448,0,0
5,5,row04407,0,0
12,12,row11010,0,0
7,7,row21427,0,0
11,11,row10432,0,0
2,2,row01099,0,0
5,5,row03575,0,0
6,6,row15857,0,0
4,4,row23525,0,0
8,8,row15018,0,0
7,7,row12635,0,0
8,8,row14258,0,0
2,2,row00980,0,0
4,4,row03160,0,0
7,7,row06390,0,0
10,10,row08851,0,0
4,4,row23346,0,0
7,7,row22431,0,0
5,5,row13051,0,0
7,7,row06145,0,0
8,8,row15101,0,0
2,2,row01730,0,0
11,11,row10763,0,0
8,8,row14967,0,0
9,9,row17995,0,0
9,9,row07711,0,0
12,12,row11211,0,0
11,11,row10401,0,0
5,5,row13274,0,0
4,4,row02808,0,0
11,11,row10019,0,0
7,7,row21941,0,0
10,10,row09396,0,0
6,6,row19083,0,0
0,0,row00234,0,0
11,11,row10915,0,0
8,8,row14915,0,0
8,8,row16851,0,0
7,7,row22816,0,0
0,0,row00120,0,0
11,11,row09899,0,0
11,11,row10679,0,0
6,6,row04746,0,0
0,0,row00453,0,0
6,6,row05870,0,0
10,10,row08692,0,0
7,7,row20640,0,0
8,8,row14084,0,0
6,6,row20551,0,0
8,8,row17592,0,0
11,11,row10357,0,0
10,10,row09564,0,0
4,4,row23226,0,0
6,6,row19552,0,0
7,7,row12541,0,0
7,7,row21086,0,0
5,5,row13563,0,0
12,12,row12267,0,0
2,2,row01486,0,0
5,5,row04204,0,0
10,10,row09469,0,0
8,8,row13897,0,0
5,5,row04344,0,0
6,6,row04728,0,0
8,8,row14995,0,0
7,7,row06690,0,0
4,4,row02843,0,0
4,4,row03094,0,0
7,7,row21089,0,0
9,9,row08231,0,0
7,7,row20794,0,0
6,6,row15365,0,0
5,5,row03532,0,0
5,5,row03807,0,0
8,8,row07619,0,0
7,7,row22164,0,0
6,6,row04730,0,0
5,5,row13206,0,0
6,6,row19584,0,0
7,7,row21733,0,0
7,7,row20914,0,0
7,7,row22223,0,0
10,10,row09281,0,0
8,8,row07301,0,0
7,7,row20966,0,0
11,11,row10898,0,0
6,6,row19005,0,0
4,4,row23616,0,0
12,12,row11340,0,0
7,7,row06255,0,0
5,5,row04457,0,0
6,6,row18656,0,0
3,3,row02133,0,0
12,12,row12218,0,0
11,11,row09823,0,0
12,12,row11450,0,0
7,7,row21719,0,0
10,10,row09266,0,0
8,8,row14176,0,0
5,5,row13205,0,0
7,7,row22893,0,0
7,7,row21517,0,0
12,12,row11584,0,0
6,6,row18855,0,0
7,7,row22145,0,0
11,11,row10940,0,0
1,1,row00674,0,0
10,10,row09350,0,0
7,7,row20820,0,0
2,2,row01449,0,0
11,11,row10107,0,0
7,7,row21080,0,0
8,8,row14351,0,0
7,7,row22423,0,0
7,7,row22200,0,0
9,9,row08653,0,0
8,8,row13994,0,0
11,11,row09675,0,0
11,11,row10985,0,0
11,11,row10126,0,0
10,10,row08959,0,0
5,5,row13240,0,0
5,5,row13646,0,0
6,6,row19309,0,0
8,8,row14247,0,0
8,8,row14302,0,0
5,5,row03677,0,0
5,5,row03545,0,0
4,4,row02997,0,0
12,12,row11059,0,0
8,8,row14998,0,0
0,0,row00076,0,0
2,2,row01526,0,0
5,5,row04215,0,0
1,1,row00713,0,0
9,9,row18487,0,0
10,10,row09080,0,0
9,9,row08614,0,0
3,3,row01911,0,0
5,5,row13167,0,0
9,9,row07729,0,0
12,12,row11794,0,0
4,4,row03194,0,0
7,7,row06170,0,0
7,7,row22151,0,0
0,0,row00085,0,0
11,11,row10738,0,0
6,6,row19306,0,0
9,9,row18385,0,0
5,5,row04404,0,0
6,6,row15546,0,0
7,7,row22567,0,0
3,3,row02245,0,0
3,3,row01888,0,0
2,2,row00926,0,0
8,8,row15069,0,0
6,6,row16054,0,0
12,12,row11328,0,0
2,2,row01221,0,0
2,2,row01166,0,0
0,0,row00006,0,0
9,9,row08157,0,0
4,4,row02908,0,0
12,12,row11297,0,0
8,8,row13965,0,0
9,9,row08587,0,0
1,1,row00733,0,0
5,5,row13368,0,0
9,9,row18592,0,0
12,12,row12154,0,0
2,2,row01057,0,0
6,6,row15923,0,0
6,6,row19526,0,0
5,5,row04044,0,0
2,2,row01074,0,0
11,11,row10317,0,0
2,2,row01766,0,0
8,8,row14013,0,0
6,6,row19787,0,0
11,11,row10173,0,0
3,3,row02370,0,0
7,7,row12866,0,0
9,9,row07898,0,0
8,8,row14097,0,0
11,11,row10171,0,0
12,12,row11582,0,0
8,8,row14709,0,0
7,7,row21989,0,0
5,5,row13229,0,0
1,1,row00600,0,0
7,7,row22291,0,0
1,1,row00856,0,0
4,4,row23536,0,0
5,5,row13046,0,0
7,7,row22603,0,0
11,11,row09811,0,0
8,8,row16891,0,0
3,3,row01804,0,0
6,6,row19116,0,0
6,6,row20173,0,0
12,12,row11199,0,0
5,5,row03522,0,0
7,7,row21374,0,0
8,8,row14956,0,0
5,5,row03992,0,0
7,7,row21485,0,0
10,10,row08760,0,0
10,10,row09342,0,0
8,8,row07290,0,0
11,11,row09758,0,0
5,5,row13711,0,0
10,10,row09434,0,0
2,2,row01604,0,0
8,8,row14875,0,0
10,10,row09134,0,0
1,1,row00774,0,0
7,7,row12965,0,0
8,8,row17107,0,0
8,8,row07081,0,0
9,9,row07910,0,0
6,6,row05906,0,0
6,6,row05634,0,0
9,9,row18168,0,0
0,0,row00253,0,0
1,1,row00686,0,0
12,12,row11506,0,0
6,6,row04641,0,0
8,8,row16836,0,0
6,6,row04931,0,0
3,3,row02348,0,0
9,9,row18192,0,0
7,7,row20909,0,0
4,4,row23455,0,0
5,5,row04206,0,0
8,8,row07072,0,0
12,12,row11431,0,0
12,12,row11288,0,0
7,7,row06130,0,0
7,7,row12800,0,0
7,7,row21659,0,0
0,0,row00363,0,0
5,5,row13128,0,0
6,6,row05363,0,0
3,3,row01815,0,0
0,0,row00288,0,0
4,4,row23291,0,0
5,5,row04137,0,0
6,6,row05286,0,0
12,12,row11489,0,0
11,11,row10559,0,0
7,7,row21723,0,0
12,12,row11180,0,0
4,4,row03031,0,0
7,7,row22198,0,0
9,9,row18290,0,0
11,11,row10637,0,0
4,4,row02976,0,0
3,3,row02443,0,0
7,7,row21229,0,0
6,6,row05995,0,0
12,12,row12014,0,0
2,2,row01724,0,0
12,12,row11884,0,0
9,9,row18572,0,0
6,6,row20439,0,0
8,8,row16722,0,0
3,3,row02466,0,0
6,6,row19449,0,0
2,2,row01108,0,0
5,5,row13197,0,0
6,6,row20144,0,0
9,9,row07769,0,0
8,8,row13841,0,0
6,6,row16220,0,0
2,2,row01398,0,0
3,3,row02122,0,0
7,7,row20690,0,0
4,4,row02989,0,0
11,11,row10146,0,0
8,8,row14146,0,0
12,12,row11356,0,0
4,4,row23305,0,0
2,2,row01684,0,0
11,11,row10425,0,0
5,5,row04460,0,0
6,6,row04888,0,0
3,3,row01860,0,0
9,9,row18269,0,0
10,10,row09139,0,0
11,11,row10743,0,0
8,8,row14628,0,0
8,8,row16692,0,0
8,8,row14076,0,0
8,8,row14631,0,0
6,6,row16155,0,0
11,11,row10197,0,0
2,2,row01378,0,0
7,7,row06414,0,0
5,5,row13625,0,0
6,6,row20281,0,0
8,8,row07022,0,0
9,9,row18514,0,0
12,12,row11466,0,0
5,5,row03656,0,0
11,11,row10398,0,0
10,10,row09044,0,0
7,7,row21571,0,0
11,11,row10656,0,0
4,4,row23331,0,0
4,4,row23669,0,0
8,8,row16915,0,0
6,6,row16617,0,0
6,6,row04519,0,0
7,7,row22048,0,0
11,11,row10790,0,0
7,7,row20879,0,0
6,6,row16423,0,0
5,5,row04262,0,0
1,1,row00670,0,0
4,4,row03154,0,0
9,9,row08139,0,0
12,12,row11300,0,0
8,8,row13852,0,0
1,1,row00771,0,0
8,8,row07021,0,0
12,12,row11836,0,0
1,1,row00618,0,0
9,9,row18560,0,0
8,8,row17340,0,0
0,0,row00122,0,0
6,6,row05916,0,0
1,1,row00494,0,0
8,8,row17099,0,0
12,12,row11478,0,0
2,2,row01594,0,0
12,12,row11352,0,0
0,0,row00464,0,0
2,2,row01318,0,0
5,5,row03493,0,0
11,11,row10063,0,0
12,12,row12201,0,0
4,4,row02481,0,0
7,7,row20811,0,0
12,12,row11456,0,0
2,2,row00975,0,0
2,2,row01256,0,0
7,7,row21891,0,0
7,7,row21040,0,0
0,0,row00240,0,0
12,12,row12035,0,0
12,12,row11201,0,0
11,11,row09654,0,0
9,9,row18147,0,0
8,8,row07033,0,0
11,11,row09616,0,0
8,8,row14208,0,0
10,10,row09495,0,0
2,2,row01701,0,0
0,0,row00470,0,0
7,7,row21799,0,0
6,6,row19300,0,0
1,1,row00804,0,0
12,12,row11094,0,0
10,10,row08982,0,0
12,12,row11906,0,0
4,4,row23562,0,0
0,0,row00420,0,0
8,8,row14603,0,0
2,2,row00938,0,0
7,7,row06831,0,0
6,6,row20137,0,0
12,12,row11657,0,0
12,12,row11207,0,0
6,6,row05583,0,0
6,6,row04870,0,0
0,0,row00119,0,0
7,7,row20704,0,0
11,11,row10633,0,0
8,8,row17383,0,0
7,7,row20703,0,0
2,2,row01611,0,0
6,6,row19774,0,0
4,4,row23266,0,0
7,7,row06354,0,0
6,6,row19695,0,0
9,9,row08501,0,0
8,8,row17108,0,0
11,11,row10469,0,0
7,7,row06938,0,0
2,2,row01396,0,0
5,5,row04237,0,0
8,8,row07238,0,0
11,11,row09792,0,0
2,2,row01024,0,0
3,3,row02030,0,0
11,11,row10310,0,0
12,12,row11401,0,0
8,8,row14134,0,0
11,11,row10846,0,0
8,8,row17428,0,0
8,8,row16895,0,0
2,2,row01743,0,0
12,12,row11714,0,0
1,1,row00813,0,0
8,8,row16946,0,0
10,10,row09399,0,0
4,4,row02508,0,0
2,2,row01196,0,0
7,7,row21737,0,0
9,9,row18633,0,0
12,12,row11312,0,0
7,7,row20863,0,0
8,8,row17118,0,0
8,8,row14195,0,0
10,10,row09085,0,0
2,2,row00959,0,0
5,5,row13313,0,0
11,11,row09614,0,0
11,11,row10611,0,0
8,8,row16930,0,0
9,9,row07874,0,0
11,11,row10239,0,0
6,6,row19521,0,0
9,9,row18230,0,0
5,5,row04167,0,0
5,5,row13489,0,0
6,6,row19431,0,0
8,8,row16896,0,0
12,12,row11005,0,0
9,9,row17877,0,0
5,5,row13083,0,0
6,6,row16198,0,0
6,6,row19123,0,0
6,6,row15845,0,0
6,6,row16549,0,0
2,2,row01293,0,0
6,6,row16534,0,0
12,12,row11554,0,0
8,8,row15113,0,0
9,9,row08161,0,0
8,8,row15111,0,0
6,6,row05442,0,0
7,7,row22579,0,0
4,4,row03027,0,0
1,1,row00901,0,0
8,8,row16723,0,0
7,7,row22889,0,0
7,7,row06930,0,0
7,7,row22921,0,0
11,11,row09820,0,0
10,10,row08782,0,0
11,11,row09954,0,0
7,7,row06108,0,0
12,12,row12140,0,0
6,6,row19653,0,0
7,7,row22389,0,0
9,9,row07935,0,0
1,1,row00533,0,0
9,9,row07750,0,0
2,2,row01705,0,0
2,2,row01401,0,0
2,2,row01339,0,0
8,8,row07312,0,0
12,12,row11748,0,0
5,5,row03581,0,0
6,6,row04909,0,0
5,5,row04008,0,0
7,7,row21507,0,0
6,6,row15622,0,0
11,11,row09739,0,0
11,11,row10496,0,0
3,3,row02001,0,0
10,10,row09037,0,0
1,1,row00821,0,0
11,11,row09588,0,0
7,7,row21119,0,0
10,10,row09311,0,0
9,9,row07996,0,0
8,8,row17010,0,0
12,12,row11991,0,0
5,5,row03820,0,0
5,5,row13108,0,0
8,8,row14087,0,0
8,8,row16830,0,0
11,11,row10144,0,0
4,4,row03243,0,0
4,4,row23635,0,0
0,0,row00293,0,0
10,10,row08855,0,0
10,10,row08819,0,0
7,7,row21593,0,0
1,1,row00759,0,0
6,6,row15420,0,0
12,12,row12048,0,0
11,11,row09934,0,0
4,4,row23347,0,0
5,5,row13599,0,0
4,4,row23459,0,0
0,0,row00387,0,0
0,0,row00468,0,0
7,7,row22445,0,0
8,8,row17331,0,0
11,11,row09855,0,0
6,6,row18806,0,0
12,12,row12260,0,0
12,12,row12162,0,0
4,4,row02557,0,0
8,8,row16766,0,0
8,8,row14831,0,0
5,5,row03724,0,0
8,8,row06974,0,0
12,12,row11997,0,0
12,12,row12013,0,0
5,5,row03626,0,0
2,2,row01374,0,0
12,12,row12339,0,0
1,1,row00891,0,0
6,6,row16478,0,0
8,8,row14213,0,0
8,8,row17235,0,0
4,4,row02547,0,0
12,12,row11056,0,0
2,2,row00947,0,0
5,5,row13138,0,0
7,7,row06395,0,0
7,7,row06756,0,0
11,11,row09743,0,0
7,7,row12947,0,0
3,3,row01997,0,0
10,10,row08728,0,0
8,8,row07228,0,0
3,3,row01857,0,0
11,11,row10887,0,0
5,5,row03619,0,0
10,10,row09187,0,0
5,5,row04047,0,0
4,4,row23504,0,0
4,4,row02647,0,0
12,12,row12377,0,0
8,8,row14778,0,0
3,3,row01971,0,0
12,12,row11126,0,0
5,5,row04263,0,0
12,12,row12221,0,0
2,2,row01533,0,0
12,12,row11038,0,0
10,10,row09394,0,0
4,4,row23335,0,0
6,6,row18779,0,0
7,7,row20777,0,0
6,6,row19341,0,0
2,2,row01672,0,0
2,2,row01525,0,0
8,8,row07506,0,0
11,11,row10645,0,0
12,12,row11358,0,0
7,7,row22757,0,0
9,9,row08611,0,0
5,5,row03449,0,0
4,4,row02563,0,0
10,10,row08762,0,0
11,11,row10189,0,0
12,12,row12297,0,0
0,0,row00451,0,0
5,5,row03578,0,0
12,12,row11089,0,0
9,9,row18472,0,0
8,8,row07694,0,0
6,6,row20278,0,0
1,1,row00764,0,0
1,1,row00484,0,0
7,7,row06942,0,0
4,4,row03038,0,0
5,5,row04473,0,0
0,0,row00058,0,0
8,8,row15009,0,0
8,8,row16724,0,0
8,8,row13974,0,0
12,12,row12252,0,0
12,12,row11987,0,0
4,4,row23481,0,0
10,10,row08877,0,0
10,10,row09335,0,0
3,3,row01795,0,0
6,6,row16392,0,0
5,5,row03580,0,0
0,0,row00357,0,0
5,5,row13283,0,0
6,6,row19165,0,0
4,4,row23673,0,0
7,7,row12824,0,0
8,8,row14099,0,0
6,6,row19668,0,0
10,10,row09316,0,0
8,8,row17329,0,0
8,8,row15057,0,0
12,12,row12334,0,0
7,7,row06789,0,0
6,6,row20561,0,0
4,4,row23632,0,0
9,9,row17907,0,0
8,8,row15000,0,0
7,7,row06719,0,0
1,1,row00808,0,0
9,9,row07783,0,0
5,5,row13080,0,0
7,7,row20921,0,0
1,1,row00589,0,0
12,12,row11545,0,0
8,8,row17149,0,0
9,9,row18500,0,0
7,7,row12583,0,0
2,2,row01052,0,0
12,12,row11294,0,0
6,6,row04861,0,0
7,7,row22617,0,0
12,12,row11064,0,0
8,8,row14827,0,0
8,8,row17423,0,0
1,1,row00752,0,0
12,12,row12101,0,0
5,5,row13047,0,0
6,6,row15991,0,0
7,7,row22388,0,0
10,10,row08773,0,0
8,8,row07037,0,0
8,8,row14067,0,0
7,7,row20905,0,0
9,9,row08072,0,0
6,6,row15549,0,0
4,4,row02612,0,0
4,4,row03118,0,0
8,8,row07327,0,0
10,10,row08726,0,0
8,8,row14314,0,0
0,0,row00391,0,0
4,4,row03170,0,0
6,6,row20073,0,0
9,9,row18279,0,0
6,6,row05546,0,0
9,9,row08235,0,0
10,10,row08673,0,0
8,8,row06969,0,0
0,0,row00389,0,0
11,11,row10520,0,0
8,8,row15050,0,0
10,10,row09306,0,0
8,8,row13941,0,0
3,3,row02009,0,0
0,0,row00199,0,0
7,7,row21865,0,0
8,8,row13828,0,0
7,7,row21101,0,0
4,4,row02861,0,0
6,6,row19400,0,0
12,12,row11003,0,0
7,7,row12483,0,0
6,6,row20415,0,0
11,11,row09882,0,0
0,0,row00324,0,0
12,12,row11220,0,0
9,9,row08567,0,0
6,6,row15984,0,0
12,12,row11779,0,0
6,6,row20085,0,0
6,6,row19522,0,0
11,11,row10572,0,0
12,12,row11578,0,0
5,5,row13171,0,0
4,4,row23720,0,0
9,9,row08033,0,0
2,2,row01178,0,0
7,7,row20832,0,0
4,4,row03232,0,0
0,0,row00107,0,0
10,10,row09103,0,0
7,7,row22219,0,0
0,0,row00259,0,0
9,9,row07969,0,0
12,12,row11106,0,0
11,11,row10062,0,0
6,6,row16213,0,0
7,7,row21065,0,0
12,12,row12076,0,0
7,7,row20838,0,0
6,6,row19025,0,0
4,4,row23270,0,0
10,10,row09005,0,0
8,8,row17408,0,0
10,10,row09112,0,0
4,4,row02954,0,0
11,11,row10282,0,0
5,5,row13570,0,0
6,6,row20346,0,0
5,5,row13694,0,0
5,5,row13314,0,0
6,6,row05917,0,0
0,0,row00287,0,0
6,6,row16225,0,0
2,2,row01432,0,0
11,11,row10649,0,0
8,8,row17488,0,0
9,9,row18294,0,0
6,6,row15304,0,0
7,7,row22860,0,0
2,2,row01079,0,0
6,6,row04721,0,0
7,7,row21655,0,0
7,7,row21140,0,0
7,7,row20646,0,0
4,4,row23362,0,0
6,6,row16249,0,0
7,7,row22171,0,0
8,8,row14163,0,0
12,12,row11100,0,0
11,11,row10421,0,0
5,5,row13265,0,0
11,11,row10695,0,0
11,11,row10882,0,0
6,6,row19976,0,0
7,7,row12921,0,0
8,8,row07256,0,0
3,3,row02404,0,0
10,10,row09503,0,0
11,11,row09756,0,0
5,5,row04324,0,0
5,5,row13112,0,0
8,8,row17376,0,0
9,9,row18245,0,0
3,3,row02345,0,0
6,6,row16253,0,0
2,2,row01760,0,0
12,12,row11693,0,0
4,4,row23413,0,0
6,6,row19028,0,0
11,11,row10959,0,0
10,10,row09529,0,0
0,0,row00312,0,0
7,7,row20781,0,0
5,5,row04216,0,0
2,2,row01713,0,0
8,8,row07213,0,0
8,8,row15052,0,0
0,0,row00045,0,0
7,7,row22077,0,0
7,7,row06525,0,0
6,6,row04650,0,0
5,5,row04369,0,0
8,8,row14185,0,0
8,8,row17196,0,0
6,6,row19035,0,0
7,7,row21736,0,0
10,10,row09094,0,0
6,6,row19416,0,0
3,3,row02123,0,0
12,12,row12078,0,0
4,4,row23453,0,0
8,8,row07566,0,0
11,11,row10155,0,0
6,6,row04702,0,0
6,6,row20504,0,0
12,12,row11182,0,0
6,6,row20295,0,0
2,2,row01000,0,0
7,7,row12982,0,0
3,3,row01885,0,0
8,8,row07409,0,0
5,5,row03542,0,0
11,11,row09621,0,0
6,6,row05560,0,0
8,8,row14759,0,0
2,2,row01678,0,0
2,2,row01336,0,0
7,7,row21200,0,0
11,11,row10549,0,0
12,12,row11689,0,0
8,8,row17116,0,0
3,3,row02456,0,0
12,12,row11876,0,0
12,12,row11263,0,0
9,9,row17940,0,0
11,11,row10557,0,0
6,6,row16070,0,0
7,7,row06127,0,0
11,11,row09677,0,0
0,0,row00309,0,0
10,10,row09079,0,0
5,5,row13118,0,0
9,9,row08544,0,0
1,1,row00569,0,0
5,5,row13090,0,0
6,6,row20150,0,0
8,8,row13845,0,0
5,5,row13052,0,0
6,6,row15301,0,0
2,2,row01661,0,0
7,7,row22938,0,0
3,3,row02179,0,0
8,8,row07276,0,0
7,7,row20614,0,0
6,6,row18721,0,0
7,7,row06559,0,0
6,6,row15988,0,0
6,6,row05809,0,0
8,8,row14685,0,0
2,2,row01771,0,0
7,7,row21452,0,0
6,6,row16623,0,0
6,6,row15648,0,0
2,2,row01415,0,0
7,7,row06499,0,0
9,9,row18610,0,0
11,11,row09670,0,0
8,8,row14308,0,0
7,7,row22324,0,0
12,12,row12219,0,0
12,12,row11969,0,0
11,11,row10666,0,0
6,6,row19369,0,0
8,8,row14720,0,0
11,11,row10965,0,0
10,10,row08677,0,0
12,12,row11842,0,0
8,8,row15109,0,0
11,11,row10671,0,0
6,6,row04679,0,0
8,8,row07674,0,0
9,9,row08529,0,0
12,12,row11532,0,0
2,2,row01685,0,0
7,7,row22879,0,0
12,12,row11132,0,0
11,11,row10706,0,0
7,7,row20878,0,0
4,4,row02706,0,0
6,6,row15750,0,0
5,5,row04054,0,0
8,8,row14347,0,0
6,6,row04543,0,0
6,6,row19298,0,0
8,8,row17359,0,0
9,9,row08239,0,0
6,6,row18845,0,0
12,12,row11904,0,0
8,8,row15155,0,0
7,7,row20785,0,0
3,3,row01929,0,0
2,2,row01471,0,0
6,6,row15678,0,0
1,1,row00570,0,0
11,11,row10518,0,0
6,6,row20168,0,0
12,12,row11203,0,0
6,6,row15306,0,0
11,11,row10129,0,0
4,4,row23249,0,0
4,4,row23452,0,0
12,12,row12039,0,0
11,11,row09964,0,0
7,7,row21893,0,0
6,6,row19826,0,0
6,6,row05685,0,0
6,6,row19187,0,0
5,5,row04144,0,0
6,6,row20407,0,0
5,5,row03722,0,0
10,10,row09000,0,0
0,0,row00187,0,0
12,12,row11369,0,0
10,10,row09092,0,0
7,7,row21884,0,0
10,10,row09348,0,0
7,7,row22705,0,0
7,7,row21615,0,0
5,5,row04398,0,0
8,8,row06981,0,0
11,11,row09648,0,0
5,5,row13152,0,0
7,7,row12736,0,0
3,3,row01933,0,0
7,7,row20720,0,0
8,8,row14082,0,0
7,7,row21699,0,0
6,6,row18873,0,0
2,2,row01309,0,0
9,9,row18069,0,0
7,7,row12637,0,0
7,7,row22334,0,0
2,2,row01515,0,0
10,10,row09360,0,0
8,8,row14941,0,0
2,2,row01444,0,0
7,7,row22104,0,0
10,10,row08975,0,0
8,8,row14094,0,0
2,2,row01070,0,0
6,6,row19320,0,0
8,8,row14187,0,0
2,2,row01641,0,0
11,11,row09914,0,0
3,3,row02011,0,0
10,10,row09492,0,0
11,11,row09910,0,0
10,10,row08900,0,0
2,2,row01129,0,0
1,1,row00601,0,0
12,12,row12217,0,0
0,0,row00140,0,0
9,9,row08121,0,0
8,8,row17092,0,0
8,8,row14698,0,0
11,11,row10298,0,0
12,12,row12236,0,0
8,8,row07486,0,0
12,12,row11928,0,0
9,9,row18331,0,0
12,12,row11103,0,0
7,7,row06204,0,0
8,8,row14292,0,0
12,12,row11908,0,0
11,11,row09645,0,0
12,12,row11227,0,0
12,12,row12033,0,0
6,6,row16438,0,0
6,6,row20393,0,0
3,3,row02220,0,0
9,9,row08346,0,0
7,7,row22937,0,0
0,0,row00229,0,0
12,12,row12169,0,0
12,12,row11889,0,0
7,7,row21942,0,0
0,0,row00408,0,0
5,5,row03453,0,0
5,5,row13397,0,0
6,6,row15745,0,0
7,7,row21643,0,0
11,11,row10905,0,0
6,6,row05431,0,0
12,12,row11820,0,0
12,12,row11319,0,0
7,7,row22689,0,0
7,7,row06597,0,0
3,3,row02278,0,0
1,1,row00761,0,0
8,8,row14467,0,0
3,3,row01937,0,0
9,9,row18443,0,0
5,5,row03775,0,0
11,11,row10861,0,0
4,4,row23593,0,0
11,11,row10085,0,0
6,6,row20566,0,0
11,11,row10642,0,0
3,3,row02459,0,0
10,10,row08826,0,0
2,2,row01619,0,0
7,7,row20861,0,0
8,8,row17352,0,0
2,2,row01458,0,0
9,9,row18150,0,0
7,7,row06586,0,0
3,3,row01990,0,0
9,9,row17854,0,0
3,3,row01960,0,0
12,12,row11210,0,0
7,7,row22544,0,0
9,9,row08110,0,0
6,6,row20521,0,0
7,7,row06118,0,0
1,1,row00758,0,0
10,10,row08946,0,0
8,8,row14005,0,0
8,8,row07289,0,0
5,5,row13195,0,0
7,7,row21137,0,0
7,7,row06425,0,0
12,12,row11318,0,0
0,0,row00426,0,0
11,11,row10309,0,0
12,12,row11993,0,0
12,12,row10992,0,0
5,5,row04156,0,0
5,5,row13232,0,0
6,6,row16504,0,0
12,12,row12230,0,0
0,0,row00313,0,0
8,8,row17183,0,0
0,0,row00394,0,0
3,3,row01895,0,0
3,3,row02313,0,0
7,7,row20958,0,0
1,1,row00496,0,0
10,10,row08831,0,0
6,6,row20095,0,0
6,6,row05229,0,0
11,11,row10540,0,0
12,12,row12250,0,0
9,9,row07836,0,0
6,6,row19151,0,0
5,5,row03741,0,0
1,1,row00880,0,0
9,9,row08187,0,0
4,4,row23695,0,0
12,12,row11973,0,0
5,5,row04017,0,0
12,12,row11927,0,0
5,5,row03968,0,0
6,6,row05885,0,0
9,9,row18117,0,0
11,11,row10439,0,0
7,7,row21883,0,0
12,12,row11149,0,0
6,6,row16508,0,0
12,12,row11832,0,0
1,1,row00552,0,0
8,8,row14297,0,0
5,5,row13367,0,0
11,11,row10178,0,0
6,6,row15464,0,0
10,10,row09568,0,0
5,5,row03947,0,0
6,6,row04989,0,0
12,12,row11962,0,0
9,9,row18022,0,0
0,0,row00346,0,0
8,8,row17032,0,0
7,7,row06909,0,0
11,11,row10579,0,0
8,8,row07045,0,0
11,11,row10545,0,0
12,12,row11751,0,0
0,0,row00425,0,0
7,7,row06521,0,0
4,4,row23263,0,0
2,2,row01258,0,0
6,6,row19782,0,0
12,12,row11803,0,0
2,2,row01466,0,0
9,9,row07854,0,0
4,4,row02634,0,0
6,6,row20380,0,0
9,9,row17825,0,0
4,4,row03180,0,0
7,7,row22857,0,0
12,12,row12274,0,0
7,7,row22866,0,0
8,8,row15040,0,0
7,7,row22098,0,0
4,4,row23676,0,0
7,7,row21022,0,0
4,4,row03229,0,0
6,6,row15558,0,0
12,12,row11348,0,0
5,5,row04394,0,0
6,6,row19063,0,0
12,12,row11806,0,0
6,6,row19828,0,0
10,10,row09346,0,0
8,8,row17213,0,0
10,10,row09569,0,0
11,11,row10667,0,0
7,7,row20601,0,0
11,11,row10490,0,0
4,4,row02982,0,0
8,8,row17003,0,0
6,6,row05887,0,0
7,7,row22335,0,0
11,11,row10188,0,0
8,8,row14017,0,0
12,12,row11260,0,0
6,6,row04483,0,0
7,7,row21473,0,0
8,8,row06970,0,0
4,4,row03127,0,0
5,5,row13373,0,0
9,9,row08329,0,0
6,6,row19613,0,0
5,5,row13779,0,0
9,9,row07918,0,0
10,10,row09014,0,0
4,4,row23613,0,0
5,5,row03582,0,0
5,5,row03823,0,0
2,2,row01489,0,0
2,2,row01235,0,0
10,10,row09534,0,0
12,12,row11652,0,0
2,2,row01694,0,0
5,5,row04201,0,0
4,4,row02880,0,0
6,6,row15924,0,0
2,2,row01263,0,0
12,12,row11189,0,0
7,7,row21050,0,0
12,12,row11173,0,0
11,11,row10243,0,0
0,0,row00094,0,0
1,1,row00892,0,0
6,6,row19160,0,0
6,6,row15300,0,0
6,6,row04510,0,0
12,12,row12353,0,0
12,12,row12163,0,0
9,9,row08610,0,0
7,7,row20677,0,0
7,7,row20969,0,0
8,8,row16774,0,0
2,2,row01118,0,0
12,12,row11035,0,0
7,7,row21872,0,0
4,4,row03069,0,0
5,5,row03749,0,0
9,9,row08286,0,0
8,8,row16964,0,0
9,9,row08535,0,0
11,11,row10837,0,0
10,10,row09165,0,0
3,3,row02078,0,0
7,7,row06193,0,0
8,8,row17753,0,0
11,11,row10683,0,0
7,7,row22709,0,0
11,11,row10816,0,0
9,9,row18326,0,0
6,6,row05341,0,0
11,11,row10891,0,0
5,5,row04444,0,0
7,7,row21066,0,0
8,8,row14795,0,0
11,11,row09709,0,0
11,11,row09808,0,0
4,4,row03292,0,0
8,8,row17491,0,0
5,5,row04439,0,0
7,7,row23058,0,0
2,2,row01707,0,0
12,12,row12194,0,0
2,2,row01262,0,0
7,7,row12886,0,0
6,6,row19152,0,0
11,11,row10267,0,0
1,1,row00722,0,0
8,8,row15093,0,0
0,0,row00362,0,0
8,8,row14731,0,0
10,10,row09319,0,0
3,3,row02005,0,0
7,7,row22246,0,0
7,7,row12601,0,0
1,1,row00636,0,0
12,12,row11677,0,0
10,10,row08920,0,0
2,2,row01496,0,0
8,8,row07516,0,0
8,8,row06964,0,0
8,8,row17397,0,0
6,6,row18729,0,0
6,6,row16077,0,0
9,9,row18243,0,0
12,12,row11741,0,0
11,11,row10538,0,0
6,6,row04623,0,0
9,9,row18490,0,0
7,7,row20762,0,0
8,8,row17186,0,0
7,7,row20964,0,0
2,2,row01708,0,0
8,8,row14641,0,0
6,6,row05571,0,0
9,9,row07963,0,0
6,6,row15499,0,0
6,6,row19155,0,0
6,6,row20250,0,0
7,7,row22751,0,0
6,6,row05289,0,0
6,6,row19194,0,0
6,6,row04850,0,0
5,5,row03984,0,0
7,7,row21812,0,0
6,6,row19849,0,0
8,8,row14830,0,0
6,6,row19138,0,0
0,0,row00273,0,0
7,7,row06905,0,0
6,6,row18924,0,0
9,9,row07745,0,0
12,12,row12066,0,0
12,12,row12272,0,0
6,6,row16538,0,0
10,10,row09516,0,0
5,5,row13387,0,0
11,11,row09979,0,0
7,7,row20613,0,0
4,4,row23334,0,0
0,0,row00319,0,0
6,6,row05287,0,0
6,6,row20010,0,0
7,7,row21041,0,0
12,12,row11722,0,0
12,12,row11179,0,0
5,5,row13412,0,0
6,6,row06051,0,0
7,7,row21465,0,0
7,7,row22794,0,0
12,12,row11579,0,0
7,7,row23160,0,0
9,9,row08063,0,0
2,2,row00928,0,0
6,6,row19247,0,0
9,9,row08106,0,0
8,8,row13971,0,0
11,11,row10652,0,0
12,12,row11474,0,0
7,7,row21768,0,0
11,11,row09774,0,0
6,6,row18962,0,0
7,7,row22725,0,0
11,11,row10971,0,0
8,8,row13893,0,0
7,7,row12553,0,0
2,2,row01299,0,0
6,6,row15704,0,0
12,12,row11764,0,0
7,7,row22877,0,0
12,12,row12105,0,0
9,9,row08291,0,0
4,4,row23262,0,0
4,4,row02874,0,0
7,7,row12575,0,0
1,1,row00862,0,0
5,5,row03877,0,0
7,7,row20681,0,0
9,9,row18009,0,0
7,7,row22133,0,0
10,10,row08862,0,0
1,1,row00571,0,0
2,2,row01253,0,0
2,2,row01185,0,0
7,7,row21858,0,0
12,12,row11088,0,0
8,8,row16747,0,0
11,11,row10500,0,0
6,6,row15405,0,0
7,7,row21963,0,0
8,8,row17315,0,0
9,9,row08226,0,0
2,2,row01447,0,0
9,9,row18536,0,0
4,4,row23416,0,0
4,4,row23341,0,0
1,1,row00482,0,0
12,12,row11500,0,0
3,3,row02254,0,0
11,11,row10907,0,0
5,5,row13459,0,0
8,8,row14481,0,0
10,10,row09452,0,0
10,10,row08822,0,0
6,6,row15884,0,0
5,5,row03568,0,0
1,1,row00870,0,0
4,4,row03048,0,0
9,9,row08042,0,0
9,9,row08307,0,0
8,8,row07519,0,0
5,5,row03432,0,0
7,7,row22776,0,0
6,6,row04622,0,0
2,2,row01090,0,0
11,11,row10834,0,0
12,12,row11608,0,0
7,7,row12768,0,0
7,7,row23047,0,0
6,6,row16289,0,0
4,4,row23565,0,0
11,11,row10573,0,0
8,8,row07239,0,0
6,6,row05264,0,0
1,1,row00609,0,0
5,5,row03858,0,0
5,5,row13250,0,0
7,7,row22699,0,0
7,7,row06215,0,0
9,9,row08080,0,0
11,11,row09933,0,0
8,8,row17152,0,0
6,6,row20023,0,0
11,11,row10783,0,0
3,3,row02227,0,0
7,7,row21072,0,0
12,12,row12315,0,0
12,12,row11337,0,0
10,10,row09351,0,0
8,8,row14001,0,0
0,0,row00257,0,0
9,9,row08205,0,0
6,6,row16150,0,0
1,1,row00575,0,0
8,8,row17394,0,0
7,7,row22505,0,0
12,12,row11522,0,0
12,12,row12129,0,0
4,4,row23507,0,0
8,8,row17037,0,0
5,5,row04063,0,0
8,8,row07313,0,0
7,7,row22084,0,0
7,7,row21318,0,0
0,0,row00332,0,0
0,0,row00093,0,0
5,5,row03813,0,0
6,6,row16278,0,0
10,10,row08958,0,0
7,7,row20801,0,0
12,12,row11480,0,0
7,7,row20755,0,0
1,1,row00523,0,0
6,6,row15389,0,0
4,4,row23228,0,0
10,10,row09383,0,0
1,1,row00677,0,0
8,8,row16708,0,0
7,7,row21493,0,0
11,11,row10360,0,0
11,11,row10927,0,0
8,8,row14945,0,0
5,5,row04138,0,0
9,9,row18181,0,0
5,5,row04425,0,0
6,6,row05613,0,0
4,4,row23295,0,0
9,9,row08046,0,0
0,0,row00128,0,0
4,4,row23601,0,0
2,2,row01481,0,0
6,6,row05268,0,0
10,10,row09204,0,0
8,8,row13877,0,0
6,6,row05503,0,0
11,11,row10424,0,0
6,6,row05312,0,0
6,6,row15739,0,0
4,4,row02685,0,0
12,12,row12322,0,0
6,6,row20041,0,0
11,11,row10805,0,0
3,3,row02085,0,0
6,6,row15364,0,0
12,12,row11026,0,0
12,12,row11980,0,0
2,2,row01054,0,0
0,0,row00049,0,0
6,6,row20174,0,0
0,0,row00008,0,0
2,2,row01602,0,0
0,0,row00284,0,0
7,7,row12545,0,0
11,11,row10148,0,0
9,9,row18511,0,0
6,6,row15970,0,0
1,1,row00656,0,0
7,7,row21599,0,0
8,8,row16839,0,0
2,2,row01635,0,0
6,6,row04806,0,0
5,5,row13100,0,0
5,5,row03471,0,0
1,1,row00679,0,0
6,6,row04768,0,0
2,2,row01522,0,0
4,4,row03113,0,0
12,12,row12184,0,0
6,6,row15938,0,0
8,8,row16781,0,0
9,9,row17855,0,0
10,10,row08868,0,0
3,3,row02427,0,0
5,5,row13414,0,0
7,7,row21531,0,0
6,6,row15205,0,0
4,4,row02967,0,0
0,0,row00042,0,0
12,12,row11332,0,0
8,8,row17367,0,0
8,8,row13891,0,0
9,9,row18176,0,0
9,9,row07790,0,0
11,11,row10292,0,0
8,8,row13927,0,0
2,2,row01058,0,0
6,6,row04549,0,0
9,9,row07829,0,0
2,2,row01360,0,0
8,8,row16751,0,0
7,7,row22033,0,0
8,8,row17387,0,0
6,6,row04902,0,0
7,7,row22851,0,0
6,6,row15217,0,0
7,7,row22854,0,0
5,5,row04109,0,0
5,5,row03398,0,0
9,9,row08090,0,0
5,5,row04355,0,0
12,12,row11083,0,0
11,11,row09815,0,0
6,6,row19855,0,0
5,5,row04228,0,0
12,12,row11381,0,0
2,2,row01064,0,0
6,6,row18863,0,0
2,2,row01141,0,0
9,9,row08246,0,0
8,8,row14178,0,0
9,9,row18129,0,0
8,8,row07415,0,0
11,11,row09779,0,0
2,2,row01043,0,0
9,9,row18041,0,0
8,8,row14725,0,0
12,12,row11785,0,0
6,6,row15348,0,0
7,7,row22023,0,0
6,6,row20219,0,0
11,11,row10410,0,0
12,12,row11616,0,0
12,12,row11914,0,0
8,8,row13992,0,0
3,3,row01961,0,0
11,11,row10484,0,0
10,10,row09430,0,0
8,8,row14305,0,0
6,6,row05563,0,0
10,10,row08834,0,0
7,7,row23086,0,0
5,5,row04025,0,0
11,11,row10651,0,0
10,10,row08713,0,0
8,8,row13918,0,0
9,9,row18077,0,0
11,11,row10603,0,0
11,11,row10665,0,0
6,6,row05279,0,0
2,2,row01278,0,0
8,8,row06988,0,0
6,6,row19919,0,0
6,6,row18923,0,0
7,7,row12743,0,0
4,4,row02927,0,0
8,8,row14083,0,0
7,7,row22803,0,0
11,11,row10498,0,0
3,3,row02103,0,0
5,5,row13600,0,0
8,8,row07499,0,0
9,9,row08662,0,0
1,1,row00503,0,0
6,6,row16296,0,0
7,7,row22126,0,0
6,6,row19015,0,0
4,4,row02925,0,0
0,0,row00109,0,0
6,6,row19805,0,0
0,0,row00419,0,0
6,6,row18875,0,0
4,4,row02809,0,0
0,0,row00356,0,0
0,0,row00137,0,0
6,6,row16626,0,0
10,10,row08967,0,0
7,7,row21765,0,0
4,4,row23545,0,0
8,8,row15152,0,0
6,6,row16582,0,0
5,5,row04195,0,0
12,12,row12112,0,0
6,6,row04660,0,0
3,3,row02048,0,0
0,0,row00404,0,0
6,6,row15849,0,0
7,7,row22134,0,0
9,9,row07905,0,0
1,1,row00568,0,0
5,5,row13140,0,0
9,9,row18604,0,0
10,10,row09062,0,0
12,12,row12298,0,0
6,6,row04658,0,0
2,2,row01570,0,0
12,12,row11406,0,0
9,9,row08536,0,0
6,6,row16552,0,0
0,0,row00144,0,0
6,6,row05819,0,0
1,1,row00479,0,0
12,12,row12142,0,0
5,5,row13166,0,0
12,12,row11024,0,0
7,7,row06593,0,0
12,12,row11862,0,0
5,5,row03688,0,0
11,11,row10370,0,0
8,8,row14069,0,0
5,5,row13715,0,0
6,6,row15429,0,0
9,9,row08425,0,0
11,11,row10617,0,0
11,11,row10321,0,0
6,6,row04662,0,0
0,0,row00256,0,0
7,7,row22658,0,0
7,7,row21813,0,0
11,11,row10911,0,0
6,6,row05726,0,0
7,7,row21790,0,0
8,8,row07658,0,0
7,7,row21284,0,0
2,2,row01135,0,0
6,6,row19741,0,0
7,7,row21857,0,0
4,4,row02564,0,0
12,12,row12046,0,0
6,6,row19183,0,0
10,10,row09024,0,0
7,7,row21756,0,0
12,12,row11999,0,0
7,7,row20846,0,0
7,7,row22932,0,0
6,6,row20429,0,0
5,5,row04264,0,0
8,8,row14823,0,0
11,11,row10849,0,0
8,8,row17758,0,0
7,7,row22695,0,0
7,7,row21541,0,0
0,0,row00202,0,0
9,9,row17897,0,0
11,11,row09740,0,0
0,0,row00465,0,0
2,2,row01156,0,0
11,11,row10774,0,0
6,6,row05441,0,0
6,6,row05611,0,0
6,6,row04790,0,0
7,7,row23171,0,0
4,4,row02624,0,0
0,0,row00138,0,0
6,6,row19740,0,0
6,6,row16436,0,0
12,12,row11346,0,0
6,6,row05881,0,0
2,2,row01393,0,0
8,8,row14285,0,0
2,2,row01434,0,0
10,10,row09386,0,0
1,1,row00742,0,0
5,5,row04403,0,0
11,11,row10335,0,0
6,6,row19344,0,0
12,12,row11682,0,0
11,11,row10088,0,0
4,4,row02835,0,0
8,8,row17049,0,0
5,5,row13754,0,0
7,7,row12803,0,0
12,12,row11193,0,0
12,12,row11402,0,0
11,11,row10836,0,0
10,10,row09011,0,0
0,0,row00386,0,0
7,7,row21503,0,0
3,3,row02469,0,0
6,6,row20136,0,0
3,3,row02356,0,0
6,6,row16196,0,0
9,9,row08087,0,0
4,4,row23512,0,0
6,6,row15906,0,0
5,5,row13638,0,0
12,12,row12136,0,0
6,6,row18836,0,0
5,5,row04037,0,0
4,4,row23741,0,0
7,7,row20591,0,0
12,12,row11484,0,0
9,9,row07860,0,0
8,8,row17381,0,0
8,8,row14570,0,0
11,11,row09830,0,0
0,0,row00361,0,0
9,9,row08230,0,0
11,11,row09589,0,0
12,12,row12158,0,0
7,7,row06175,0,0
7,7,row22655,0,0
8,8,row16796,0,0
12,12,row11075,0,0
8,8,row07476,0,0
2,2,row01287,0,0
12,12,row11685,0,0
11,11,row10301,0,0
4,4,row23490,0,0
11,11,row10980,0,0
8,8,row15008,0,0
4,4,row03252,0,0
5,5,row04018,0,0
8,8,row17535,0,0
5,5,row13227,0,0
6,6,row19288,0,0
9,9,row18046,0,0
9,9,row17893,0,0
6,6,row19150,0,0
1,1,row00820,0,0
8,8,row14914,0,0
11,11,row10533,0,0
4,4,row02650,0,0
7,7,row22648,0,0
6,6,row16232,0,0
12,12,row11171,0,0
0,0,row00397,0,0
4,4,row23409,0,0
8,8,row14281,0,0
7,7,row22571,0,0
8,8,row07013,0,0
11,11,row10276,0,0
7,7,row06545,0,0
7,7,row22481,0,0
6,6,row15935,0,0
12,12,row12049,0,0
8,8,row06956,0,0
11,11,row09952,0,0
2,2,row01679,0,0
7,7,row21419,0,0
6,6,row18808,0,0
12,12,row12061,0,0
9,9,row07975,0,0
2,2,row01138,0,0
8,8,row07158,0,0
6,6,row19019,0,0
4,4,row02736,0,0
8,8,row17124,0,0
7,7,row22322,0,0
8,8,row14243,0,0
5,5,row13581,0,0
12,12,row11495,0,0
7,7,row06147,0,0
11,11,row09592,0,0
4,4,row02996,0,0
7,7,row22685,0,0
1,1,row00827,0,0
12,12,row11085,0,0
12,12,row12017,0,0
9,9,row08001,0,0
11,11,row10467,0,0
11,11,row09785,0,0
11,11,row09797,0,0
6,6,row20151,0,0
8,8,row07223,0,0
6,6,row04523,0,0
12,12,row11177,0,0
8,8,row17096,0,0
6,6,row15353,0,0
8,8,row16954,0,0
8,8,row14256,0,0
6,6,row19210,0,0
11,11,row10382,0,0
9,9,row08369,0,0
5,5,row03517,0,0
8,8,row16721,0,0
3,3,row02331,0,0
5,5,row13322,0,0
8,8,row17247,0,0
9,9,row18602,0,0
9,9,row08145,0,0
12,12,row11690,0,0
6,6,row16402,0,0
5,5,row13062,0,0
10,10,row08783,0,0
3,3,row01921,0,0
12,12,row11031,0,0
11,11,row10445,0,0
6,6,row20545,0,0
4,4,row23558,0,0
7,7,row21351,0,0
8,8,row17429,0,0
7,7,row21898,0,0
8,8,row17740,0,0
5,5,row13193,0,0
6,6,row19872,0,0
7,7,row22642,0,0
12,12,row12348,0,0
9,9,row08261,0,0
9,9,row17986,0,0
9,9,row07982,0,0
6,6,row04540,0,0
12,12,row12326,0,0
10,10,row09438,0,0
7,7,row21093,0,0
10,10,row08706,0,0
4,4,row02772,0,0
1,1,row00836,0,0
2,2,row01163,0,0
5,5,row13271,0,0
12,12,row11558,0,0
5,5,row03803,0,0
8,8,row14858,0,0
2,2,row01590,0,0
6,6,row18870,0,0
6,6,row04691,0,0
5,5,row13629,0,0
5,5,row13696,0,0
6,6,row20477,0,0
7,7,row22435,0,0
7,7,row21851,0,0
9,9,row08141,0,0
9,9,row07981,0,0
6,6,row18884,0,0
8,8,row14383,0,0
12,12,row11992,0,0
7,7,row20809,0,0
8,8,row14344,0,0
11,11,row10230,0,0
11,11,row10452,0,0
1,1,row00490,0,0
3,3,row02114,0,0
11,11,row10348,0,0
12,12,row11290,0,0
2,2,row01662,0,0
7,7,row22745,0,0
9,9,row08503,0,0
12,12,row11813,0,0
2,2,row01305,0,0
6,6,row15245,0,0
8,8,row14233,0,0
9,9,row18556,0,0
8,8,row16737,0,0
7,7,row22918,0,0
2,2,row01279,0,0
12,12,row12051,0,0
8,8,row14203,0,0
0,0,row00407,0,0
1,1,row00603,0,0
3,3,row02333,0,0
10,10,row09078,0,0
10,10,row09374,0,0
9,9,row07751,0,0
7,7,row22852,0,0
12,12,row11566,0,0
12,12,row11138,0,0
8,8,row07174,0,0
8,8,row07494,0,0
8,8,row14352,0,0
11,11,row10113,0,0
10,10,row08693,0,0
8,8,row17121,0,0
8,8,row17402,0,0
12,12,row11349,0,0
7,7,row20975,0,0
6,6,row04558,0,0
8,8,row14893,0,0
8,8,row14892,0,0
1,1,row00792,0,0
7,7,row12384,0,0
10,10,row08829,0,0
6,6,row05247,0,0
0,0,row00017,0,0
8,8,row14044,0,0
9,9,row18160,0,0
6,6,row15656,0,0
6,6,row20489,0,0
7,7,row20883,0,0
5,5,row13688,0,0
4,4,row23588,0,0
12,12,row12116,0,0
8,8,row14898,0,0
8,8,row16710,0,0
4,4,row02527,0,0
2,2,row01569,0,0
7,7,row21499,0,0
12,12,row11410,0,0
3,3,row02310,0,0
9,9,row08078,0,0
4,4,row23310,0,0
3,3,row02341,0,0
2,2,row01499,0,0
2,2,row01691,0,0
5,5,row13153,0,0
6,6,row15452,0,0
9,9,row08007,0,0
6,6,row15713,0,0
1,1,row00680,0,0
2,2,row01612,0,0
6,6,row20084,0,0
5,5,row03658,0,0
11,11,row10946,0,0
7,7,row20816,0,0
7,7,row22410,0,0
5,5,row03967,0,0
8,8,row15163,0,0
7,7,row12793,0,0
11,11,row10150,0,0
6,6,row05668,0,0
11,11,row09983,0,0
6,6,row05392,0,0
9,9,row08341,0,0
9,9,row08081,0,0
10,10,row09338,0,0
3,3,row02008,0,0
6,6,row16516,0,0
9,9,row07742,0,0
3,3,row01849,0,0
5,5,row13606,0,0
9,9,row07830,0,0
8,8,row14398,0,0
12,12,row11313,0,0
7,7,row22941,0,0
12,12,row11531,0,0
8,8,row14232,0,0
1,1,row00584,0,0
8,8,row14026,0,0
11,11,row10626,0,0
1,1,row00848,0,0
7,7,row20616,0,0
6,6,row19189,0,0
8,8,row17432,0,0
1,1,row00628,0,0
7,7,row20930,0,0
10,10,row09291,0,0
9,9,row08008,0,0
6,6,row19262,0,0
11,11,row10152,0,0
2,2,row01372,0,0
12,12,row11774,0,0
6,6,row04733,0,0
9,9,row17826,0,0
12,12,row12354,0,0
12,12,row12038,0,0
10,10,row08945,0,0
6,6,row20315,0,0
6,6,row20225,0,0
3,3,row02068,0,0
9,9,row08152,0,0
4,4,row02940,0,0
8,8,row14257,0,0
6,6,row20233,0,0
6,6,row19343,0,0
6,6,row05481,0,0
0,0,row00060,0,0
9,9,row18144,0,0
2,2,row01273,0,0
7,7,row23092,0,0
8,8,row14345,0,0
6,6,row04663,0,0
3,3,row02025,0,0
11,11,row10638,0,0
0,0,row00315,0,0
11,11,row09932,0,0
7,7,row22346,0,0
11,11,row10032,0,0
2,2,row01320,0,0
7,7,row21631,0,0
2,2,row01689,0,0
2,2,row01603,0,0
12,12,row11281,0,0
2,2,row01180,0,0
8,8,row14179,0,0
2,2,row01160,0,0
1,1,row00732,0,0
4,4,row23284,0,0
8,8,row13824,0,0
8,8,row14678,0,0
5,5,row13202,0,0
6,6,row15342,0,0
7,7,row20889,0,0
9,9,row07950,0,0
6,6,row04645,0,0
11,11,row10249,0,0
9,9,row07810,0,0
1,1,row00684,0,0
8,8,row14978,0,0
7,7,row12831,0,0
12,12,row11147,0,0
12,12,row12224,0,0
0,0,row00057,0,0
5,5,row13113,0,0
7,7,row22099,0,0
8,8,row14295,0,0
2,2,row01408,0,0
5,5,row04126,0,0
2,2,row00953,0,0
11,11,row10054,0,0
10,10,row08986,0,0
2,2,row01026,0,0
9,9,row17939,0,0
1,1,row00728,0,0
3,3,row02156,0,0
9,9,row18166,0,0
9,9,row08310,0,0
4,4,row02959,0,0
2,2,row01159,0,0
7,7,row22403,0,0
7,7,row21601,0,0
9,9,row08275,0,0
6,6,row19308,0,0
6,6,row04595,0,0
12,12,row11897,0,0
5,5,row04436,0,0
6,6,row15937,0,0
1,1,row00537,0,0
8,8,row14273,0,0
2,2,row01461,0,0
6,6,row15670,0,0
6,6,row19596,0,0
5,5,row03454,0,0
11,11,row10376,0,0
6,6,row05787,0,0
8,8,row17384,0,0
5,5,row03611,0,0
12,12,row12146,0,0
3,3,row02472,0,0
10,10,row08904,0,0
0,0,row00033,0,0
8,8,row07231,0,0
7,7,row12756,0,0
11,11,row10534,0,0
1,1,row00740,0,0
4,4,row02837,0,0
11,11,row10948,0,0
2,2,row01189,0,0
0,0,row00150,0,0
4,4,row02498,0,0
8,8,row07172,0,0
12,12,row11170,0,0
8,8,row17054,0,0
6,6,row15643,0,0
8,8,row16668,0,0
3,3,row01835,0,0
5,5,row03461,0,0
6,6,row19446,0,0
11,11,row10374,0,0
6,6,row18747,0,0
6,6,row05339,0,0
8,8,row16645,0,0
1,1,row00527,0,0
12,12,row11599,0,0
6,6,row19972,0,0
10,10,row09423,0,0
2,2,row01015,0,0
7,7,row06948,0,0
4,4,row02990,0,0
3,3,row02073,0,0
3,3,row01992,0,0
6,6,row19456,0,0
2,2,row01552,0,0
7,7,row06532,0,0
5,5,row04174,0,0
6,6,row16073,0,0
6,6,row20422,0,0
11,11,row10659,0,0
6,6,row05139,0,0
12,12,row11641,0,0
1,1,row00606,0,0
5,5,row04038,0,0
6,6,row20248,0,0
8,8,row07166,0,0
6,6,row20077,0,0
4,4,row03237,0,0
6,6,row04875,0,0
6,6,row19119,0,0
2,2,row00948,0,0
3,3,row02428,0,0
8,8,row17410,0,0
8,8,row14157,0,0
12,12,row11828,0,0
2,2,row01153,0,0
4,4,row02550,0,0
2,2,row01506,0,0
10,10,row08686,0,0
6,6,row05904,0,0
6,6,row18911,0,0
6,6,row20289,0,0
7,7,row06076,0,0
7,7,row21439,0,0
9,9,row18432,0,0
7,7,row21298,0,0
6,6,row16571,0,0
9,9,row18515,0,0
6,6,row05359,0,0
5,5,row13647,0,0
2,2,row01240,0,0
5,5,row13592,0,0
7,7,row21841,0,0
12,12,row12079,0,0
11,11,row10833,0,0
5,5,row03448,0,0
10,10,row08669,0,0
1,1,row00706,0,0
4,4,row02484,0,0
9,9,row08580,0,0
11,11,row10871,0,0
12,12,row12087,0,0
12,12,row11853,0,0
7,7,row06402,0,0
7,7,row21782,0,0
7,7,row23010,0,0
1,1,row00887,0,0
4,4,row23597,0,0
8,8,row13825,0,0
5,5,row13421,0,0
8,8,row16760,0,0
11,11,row10494,0,0
6,6,row05533,0,0
8,8,row16918,0,0
12,12,row11844,0,0
11,11,row10650,0,0
2,2,row01647,0,0
7,7,row21923,0,0
0,0,row00040,0,0
7,7,row12492,0,0
1,1,row00659,0,0
10,10,row09456,0,0
2,2,row01065,0,0
12,12,row11411,0,0
6,6,row20512,0,0
12,12,row11265,0,0
8,8,row17137,0,0
11,11,row10777,0,0
12,12,row11335,0,0
7,7,row22680,0,0
11,11,row10055,0,0
12,12,row11571,0,0
7,7,row22231,0,0
9,9,row17996,0,0
12,12,row12168,0,0
4,4,row23732,0,0
6,6,row19713,0,0
7,7,row06129,0,0
6,6,row19244,0,0
12,12,row11978,0,0
4,4,row02567,0,0
6,6,row19639,0,0
2,2,row01717,0,0
5,5,row13752,0,0
1,1,row00607,0,0
8,8,row17558,0,0
9,9,row07925,0,0
0,0,row00444,0,0
11,11,row10571,0,0
9,9,row08216,0,0
7,7,row21639,0,0
7,7,row20747,0,0
7,7,row21958,0,0
2,2,row01524,0,0
2,2,row01172,0,0
1,1,row00903,0,0
11,11,row10252,0,0
11,11,row10221,0,0
6,6,row18703,0,0
12,12,row11259,0,0
11,11,row10681,0,0
11,11,row10773,0,0
7,7,row21774,0,0
6,6,row04855,0,0
12,12,row12276,0,0
3,3,row02024,0,0
5,5,row04057,0,0
9,9,row07968,0,0
7,7,row06090,0,0
2,2,row01574,0,0
7,7,row21848,0,0
11,11,row10204,0,0
8,8,row14832,0,0
1,1,row00543,0,0
9,9,row07799,0,0
6,6,row20147,0,0
5,5,row13093,0,0
6,6,row20249,0,0
4,4,row02896,0,0
4,4,row23647,0,0
6,6,row16384,0,0
6,6,row15411,0,0
6,6,row19451,0,0
5,5,row04269,0,0
11,11,row10505,0,0
9,9,row08178,0,0
8,8,row07077,0,0
9,9,row08432,0,0
12,12,row11164,0,0
5,5,row03639,0,0
4,4,row23418,0,0
2,2,row01113,0,0
9,9,row07722,0,0
7,7,row21458,0,0
5,5,row04358,0,0
9,9,row08062,0,0
9,9,row08627,0,0
5,5,row04151,0,0
8,8,row13999,0,0
6,6,row04944,0,0
0,0,row00414,0,0
0,0,row00423,0,0
10,10,row09317,0,0
8,8,row14199,0,0
11,11,row10703,0,0
1,1,row00475,0,0
2,2,row01385,0,0
11,11,row10746,0,0
6,6,row04673,0,0
4,4,row03172,0,0
3,3,row02296,0,0
8,8,row14673,0,0
6,6,row19918,0,0
2,2,row00946,0,0
7,7,row06399,0,0
0,0,row00039,0,0
3,3,row02239,0,0
12,12,row11649,0,0
5,5,row04187,0,0
5,5,row03835,0,0
3,3,row02381,0,0
6,6,row16445,0,0
12,12,row12165,0,0
8,8,row07004,0,0
7,7,row12512,0,0
7,7,row22332,0,0
7,7,row22736,0,0
7,7,row12841,0,0
4,4,row02655,0,0
7,7,row21396,0,0
8,8,row14865,0,0
8,8,row07500,0,0
12,12,row11502,0,0
9,9,row18575,0,0
9,9,row07944,0,0
3,3,row02198,0,0
9,9,row08621,0,0
4,4,row23569,0,0
5,5,row03565,0,0
6,6,row19540,0,0
11,11,row09891,0,0
2,2,row01086,0,0
9,9,row07817,0,0
0,0,row00316,0,0
9,9,row18650,0,0
5,5,row13601,0,0
7,7,row21578,0,0
4,4,row03251,0,0
2,2,row00951,0,0
7,7,row20624,0,0
0,0,row00061,0,0
0,0,row00193,0,0
7,7,row22895,0,0
12,12,row11413,0,0
9,9,row08550,0,0
11,11,row10981,0,0
6,6,row04688,0,0
12,12,row11221,0,0
7,7,row22876,0,0
8,8,row14952,0,0
7,7,row20600,0,0
6,6,row04560,0,0
9,9,row08084,0,0
12,12,row11563,0,0
7,7,row06234,0,0
12,12,row12204,0,0
0,0,row00359,0,0
12,12,row11049,0,0
2,2,row01012,0,0
8,8,row16703,0,0
7,7,row22017,0,0
6,6,row15384,0,0
5,5,row04253,0,0
8,8,row15195,0,0
8,8,row14849,0,0
5,5,row04001,0,0
4,4,row23505,0,0
5,5,row04277,0,0
11,11,row10570,0,0
0,0,row00127,0,0
9,9,row08287,0,0
5,5,row04374,0,0
11,11,row10364,0,0
10,10,row09576,0,0
8,8,row14986,0,0
8,8,row15153,0,0
6,6,row15400,0,0
4,4,row03384,0,0
1,1,row00548,0,0
9,9,row18346,0,0
11,11,row10077,0,0
8,8,row14617,0,0
12,12,row12271,0,0
0,0,row00014,0,0
8,8,row14958,0,0
8,8,row14903,0,0
6,6,row15879,0,0
5,5,row04030,0,0
2,2,row01035,0,0
7,7,row06911,0,0
9,9,row18471,0,0
11,11,row10024,0,0
6,6,row18999,0,0
10,10,row09186,0,0
5,5,row13233,0,0
7,7,row12876,0,0
7,7,row20813,0,0
9,9,row18601,0,0
2,2,row01561,0,0
2,2,row01272,0,0
12,12,row11524,0,0
9,9,row08094,0,0
8,8,row07040,0,0
7,7,row06178,0,0
7,7,row06602,0,0
8,8,row07320,0,0
8,8,row13993,0,0
11,11,row10234,0,0
6,6,row19895,0,0
0,0,row00047,0,0
9,9,row18638,0,0
9,9,row07946,0,0
8,8,row07090,0,0
11,11,row10629,0,0
3,3,row02113,0,0
2,2,row01004,0,0
4,4,row23447,0,0
4,4,row23443,0,0
12,12,row11118,0,0
7,7,row22729,0,0
7,7,row21679,0,0
5,5,row03647,0,0
4,4,row23467,0,0
12,12,row11691,0,0
5,5,row13460,0,0
11,11,row10860,0,0
4,4,row03247,0,0
12,12,row12213,0,0
12,12,row11150,0,0
6,6,row04579,0,0
7,7,row22000,0,0
11,11,row10588,0,0
4,4,row23473,0,0
12,12,row12293,0,0
9,9,row18390,0,0
3,3,row01881,0,0
11,11,row10885,0,0
8,8,row17062,0,0
4,4,row23715,0,0
9,9,row08191,0,0
6,6,row04687,0,0
11,11,row10430,0,0
12,12,row12220,0,0
9,9,row08107,0,0
9,9,row18619,0,0
1,1,row00830,0,0
4,4,row23469,0,0
6,6,row16521,0,0
8,8,row16699,0,0
11,11,row10228,0,0
2,2,row01400,0,0
3,3,row02041,0,0
5,5,row13201,0,0
11,11,row09867,0,0
6,6,row04792,0,0
5,5,row13634,0,0
0,0,row00159,0,0
6,6,row04553,0,0
7,7,row22582,0,0
3,3,row02289,0,0
8,8,row14170,0,0
10,10,row08847,0,0
0,0,row00125,0,0
8,8,row07216,0,0
0,0,row00376,0,0
11,11,row10295,0,0
12,12,row12358,0,0
4,4,row23533,0,0
8,8,row14931,0,0
8,8,row07285,0,0
6,6,row05222,0,0
11,11,row10170,0,0
5,5,row03437,0,0
5,5,row03745,0,0
2,2,row01294,0,0
9,9,row18354,0,0
12,12,row11814,0,0
11,11,row10202,0,0
8,8,row16707,0,0
6,6,row19735,0,0
9,9,row08159,0,0
8,8,row15139,0,0
6,6,row15905,0,0
6,6,row20059,0,0
12,12,row11011,0,0
8,8,row14407,0,0
12,12,row12057,0,0
10,10,row09331,0,0
9,9,row18525,0,0
6,6,row05077,0,0
6,6,row18758,0,0
10,10,row08763,0,0
11,11,row10894,0,0
6,6,row19143,0,0
5,5,row13301,0,0
12,12,row11326,0,0
8,8,row07378,0,0
9,9,row08572,0,0
12,12,row12064,0,0
6,6,row18759,0,0
12,12,row11646,0,0
7,7,row22532,0,0
1,1,row00818,0,0
4,4,row23389,0,0
10,10,row08690,0,0
5,5,row04007,0,0
4,4,row23701,0,0
7,7,row06224,0,0
6,6,row05378,0,0
6,6,row15577,0,0
12,12,row12349,0,0
0,0,row00038,0,0
6,6,row19182,0,0
3,3,row02225,0,0
2,2,row01023,0,0
10,10,row08874,0,0
4,4,row02973,0,0
4,4,row23659,0,0
2,2,row01092,0,0
5,5,row13720,0,0
4,4,row23265,0,0
2,2,row01741,0,0
5,5,row03925,0,0
3,3,row01832,0,0
8,8,row16693,0,0
6,6,row20513,0,0
9,9,row08628,0,0
6,6,row19942,0,0
7,7,row22823,0,0
8,8,row16953,0,0
2,2,row01439,0,0
7,7,row06928,0,0
6,6,row15853,0,0
12,12,row11257,0,0
5,5,row03988,0,0
6,6,row15950,0,0
7,7,row06887,0,0
7,7,row22424,0,0
4,4,row23307,0,0
6,6,row19299,0,0
9,9,row07843,0,0
5,5,row03553,0,0
4,4,row23524,0,0
8,8,row13827,0,0
0,0,row00221,0,0
9,9,row18481,0,0
9,9,row08071,0,0
6,6,row04621,0,0
9,9,row18447,0,0
5,5,row13286,0,0
8,8,row14045,0,0
6,6,row19104,0,0
12,12,row11191,0,0
3,3,row02255,0,0
10,10,row09021,0,0
3,3,row02442,0,0
10,10,row08775,0,0
6,6,row04904,0,0
0,0,row00268,0,0
7,7,row22478,0,0
6,6,row15666,0,0
1,1,row00542,0,0
4,4,row03184,0,0
8,8,row16700,0,0
9,9,row08218,0,0
7,7,row21502,0,0
7,7,row06084,0,0
5,5,row13238,0,0
7,7,row06780,0,0
0,0,row00399,0,0
3,3,row01995,0,0
5,5,row13636,0,0
4,4,row02882,0,0
6,6,row20556,0,0
3,3,row01950,0,0
4,4,row02885,0,0
10,10,row08897,0,0
5,5,row13289,0,0
7,7,row22966,0,0
11,11,row10963,0,0
7,7,row22917,0,0
5,5,row04150,0,0
6,6,row18713,0,0
2,2,row01149,0,0
10,10,row08738,0,0
0,0,row00078,0,0
7,7,row06750,0,0
8,8,row15177,0,0
8,8,row17015,0,0
7,7,row22615,0,0
3,3,row01964,0,0
8,8,row14900,0,0
5,5,row03673,0,0
9,9,row08590,0,0
11,11,row10464,0,0
6,6,row15701,0,0
6,6,row15263,0,0
8,8,row14318,0,0
6,6,row05304,0,0
11,11,row10316,0,0
8,8,row17385,0,0
10,10,row08799,0,0
5,5,row13261,0,0
10,10,row09445,0,0
12,12,row12242,0,0
12,12,row10995,0,0
7,7,row22286,0,0
9,9,row18305,0,0
8,8,row07169,0,0
4,4,row23662,0,0
7,7,row22821,0,0
12,12,row11192,0,0
3,3,row01819,0,0
6,6,row05167,0,0
7,7,row22718,0,0
12,12,row11645,0,0
5,5,row13758,0,0
0,0,row00091,0,0
6,6,row15892,0,0
8,8,row14664,0,0
2,2,row01233,0,0
2,2,row01066,0,0
12,12,row11831,0,0
2,2,row01230,0,0
6,6,row20239,0,0
3,3,row02343,0,0
0,0,row00233,0,0
6,6,row18838,0,0
9,9,row07816,0,0
8,8,row13995,0,0
7,7,row12388,0,0
1,1,row00692,0,0
8,8,row07498,0,0
10,10,row08779,0,0
4,4,row23179,0,0
11,11,row10225,0,0
1,1,row00685,0,0
12,12,row11516,0,0
2,2,row01281,0,0
11,11,row10194,0,0
7,7,row12538,0,0
8,8,row17341,0,0
6,6,row16570,0,0
11,11,row10858,0,0
0,0,row00016,0,0
8,8,row07034,0,0
10,10,row08770,0,0
7,7,row20922,0,0
7,7,row21191,0,0
11,11,row10605,0,0
3,3,row02035,0,0
5,5,row03784,0,0
9,9,row18597,0,0
2,2,row01056,0,0
0,0,row00123,0,0
7,7,row22847,0,0
3,3,row01916,0,0
11,11,row10114,0,0
9,9,row08349,0,0
11,11,row10353,0,0
12,12,row12183,0,0
7,7,row22216,0,0
2,2,row01732,0,0
8,8,row14530,0,0
10,10,row09149,0,0
6,6,row16459,0,0
7,7,row22409,0,0
12,12,row11197,0,0
8,8,row06960,0,0
8,8,row16963,0,0
7,7,row22585,0,0
8,8,row14140,0,0
12,12,row11048,0,0
10,10,row09393,0,0
11,11,row09984,0,0
12,12,row11477,0,0
11,11,row09676,0,0
11,11,row09924,0,0
7,7,row22203,0,0
1,1,row00796,0,0
8,8,row07262,0,0
4,4,row02629,0,0
4,4,row02640,0,0
9,9,row18015,0,0
10,10,row08931,0,0
9,9,row08654,0,0
11,11,row10543,0,0
0,0,row00166,0,0
0,0,row00421,0,0
8,8,row07382,0,0
12,12,row12311,0,0
1,1,row00868,0,0
6,6,row19039,0,0
6,6,row16443,0,0
2,2,row01418,0,0
9,9,row18439,0,0
6,6,row15346,0,0
9,9,row08112,0,0
3,3,row02256,0,0
10,10,row08792,0,0
7,7,row21694,0,0
7,7,row22342,0,0
2,2,row01549,0,0
8,8,row14934,0,0
7,7,row22747,0,0
10,10,row09010,0,0
7,7,row21026,0,0
2,2,row01534,0,0
4,4,row03047,0,0
7,7,row20576,0,0
7,7,row21185,0,0
0,0,row00422,0,0
5,5,row13657,0,0
6,6,row16383,0,0
7,7,row22873,0,0
12,12,row11347,0,0
7,7,row21656,0,0
2,2,row01204,0,0
12,12,row12134,0,0
8,8,row14268,0,0
0,0,row00151,0,0
6,6,row04583,0,0
1,1,row00909,0,0
7,7,row22671,0,0
9,9,row17848,0,0
6,6,row16431,0,0
6,6,row16448,0,0
11,11,row09945,0,0
4,4,row23612,0,0
6,6,row06002,0,0
6,6,row20492,0,0
5,5,row04399,0,0
7,7,row20630,0,0
4,4,row23736,0,0
6,6,row16083,0,0
10,10,row08879,0,0
2,2,row01222,0,0
8,8,row17034,0,0
6,6,row05200,0,0
6,6,row15290,0,0
5,5,row13074,0,0
0,0,row00071,0,0
4,4,row23296,0,0
6,6,row16166,0,0
7,7,row23166,0,0
3,3,row02379,0,0
12,12,row11284,0,0
6,6,row19897,0,0
8,8,row15175,0,0
6,6,row04794,0,0
5,5,row03447,0,0
6,6,row19351,0,0
7,7,row22307,0,0
6,6,row18930,0,0
9,9,row17982,0,0
7,7,row06541,0,0
7,7,row06135,0,0
2,2,row01675,0,0
12,12,row11917,0,0
7,7,row21808,0,0
5,5,row03577,0,0
1,1,row00780,0,0
7,7,row22654,0,0
4,4,row02642,0,0
9,9,row18078,0,0
10,10,row09501,0,0
6,6,row16262,0,0
6,6,row16621,0,0
8,8,row07064,0,0
7,7,row21063,0,0
7,7,row22771,0,0
9,9,row08573,0,0
4,4,row03006,0,0
8,8,row17415,0,0
8,8,row14693,0,0
7,7,row20667,0,0
5,5,row13548,0,0
11,11,row10655,0,0
10,10,row08924,0,0
12,12,row11122,0,0
9,9,row08228,0,0
8,8,row17290,0,0
8,8,row16772,0,0
7,7,row12507,0,0
6,6,row19664,0,0
4,4,row03159,0,0
4,4,row23385,0,0
7,7,row20610,0,0
11,11,row10745,0,0
9,9,row18114,0,0
7,7,row21740,0,0
4,4,row23344,0,0
2,2,row01193,0,0
7,7,row22964,0,0
8,8,row13894,0,0
6,6,row18793,0,0
7,7,row06079,0,0
10,10,row09082,0,0
0,0,row00165,0,0
7,7,row06212,0,0
6,6,row15418,0,0
5,5,row03576,0,0
12,12,row11621,0,0
4,4,row23386,0,0
4,4,row23235,0,0
6,6,row20040,0,0
2,2,row01395,0,0
8,8,row07012,0,0
11,11,row10327,0,0
8,8,row14311,0,0
5,5,row13268,0,0
8,8,row15167,0,0
6,6,row18750,0,0
6,6,row19402,0,0
9,9,row08009,0,0
2,2,row01037,0,0
6,6,row05629,0,0
11,11,row09969,0,0
3,3,row02467,0,0
10,10,row08942,0,0
10,10,row08718,0,0
7,7,row22378,0,0
12,12,row11323,0,0
7,7,row22764,0,0
12,12,row11905,0,0
2,2,row01622,0,0
1,1,row00769,0,0
8,8,row14183,0,0
12,12,row12312,0,0
5,5,row13685,0,0
6,6,row16587,0,0
10,10,row09418,0,0
7,7,row22856,0,0
1,1,row00694,0,0
8,8,row14236,0,0
7,7,row21662,0,0
6,6,row19376,0,0
7,7,row06195,0,0
7,7,row06828,0,0
11,11,row09762,0,0
7,7,row22227,0,0
8,8,row14374,0,0
8,8,row14803,0,0
12,12,row11166,0,0
12,12,row11708,0,0
8,8,row14747,0,0
6,6,row19910,0,0
9,9,row08545,0,0
12,12,row11951,0,0
12,12,row11045,0,0
1,1,row00775,0,0
9,9,row17829,0,0
12,12,row11543,0,0
0,0,row00072,0,0
5,5,row04366,0,0
11,11,row10313,0,0
1,1,row00810,0,0
6,6,row15994,0,0
7,7,row21924,0,0
2,2,row01419,0,0
7,7,row12797,0,0
7,7,row20932,0,0
9,9,row08272,0,0
8,8,row17110,0,0
0,0,row00224,0,0
5,5,row04459,0,0
12,12,row11887,0,0
7,7,row21896,0,0
7,7,row06467,0,0
9,9,row17923,0,0
6,6,row19238,0,0
9,9,row18493,0,0
5,5,row03421,0,0
4,4,row02884,0,0
7,7,row20986,0,0
4,4,row23589,0,0
11,11,row10955,0,0
6,6,row19716,0,0
11,11,row10818,0,0
7,7,row22569,0,0
12,12,row11520,0,0
6,6,row05752,0,0
7,7,row12766,0,0
8,8,row13953,0,0
4,4,row03195,0,0
12,12,row12067,0,0
2,2,row00972,0,0
10,10,row09543,0,0
11,11,row09793,0,0
0,0,row00299,0,0
3,3,row01942,0,0
11,11,row10324,0,0
4,4,row23703,0,0
6,6,row15714,0,0
11,11,row09880,0,0
9,9,row07779,0,0
0,0,row00069,0,0
7,7,row12733,0,0
7,7,row22416,0,0
5,5,row13659,0,0
7,7,row21696,0,0
12,12,row11818,0,0
5,5,row13453,0,0
9,9,row18615,0,0
2,2,row01257,0,0
6,6,row15661,0,0
6,6,row15871,0,0
11,11,row10654,0,0
8,8,row14404,0,0
10,10,row08736,0,0
0,0,row00169,0,0
5,5,row13753,0,0
8,8,row17112,0,0
12,12,row11968,0,0
2,2,row00995,0,0
12,12,row12319,0,0
7,7,row06546,0,0
6,6,row19020,0,0
9,9,row07772,0,0
11,11,row10675,0,0
7,7,row21477,0,0
11,11,row09768,0,0
8,8,row07482,0,0
2,2,row01692,0,0
7,7,row20904,0,0
9,9,row18596,0,0
5,5,row13223,0,0
8,8,row07292,0,0
12,12,row12157,0,0
2,2,row01330,0,0
12,12,row11029,0,0
6,6,row18915,0,0
7,7,row20960,0,0
8,8,row14287,0,0
12,12,row11776,0,0
6,6,row05069,0,0
6,6,row18839,0,0
10,10,row09156,0,0
9,9,row08423,0,0
9,9,row08242,0,0
10,10,row09254,0,0
6,6,row19281,0,0
12,12,row12343,0,0
12,12,row12381,0,0
11,11,row09757,0,0
4,4,row23202,0,0
7,7,row20915,0,0
12,12,row11920,0,0
9,9,row07868,0,0
7,7,row22361,0,0
12,12,row12121,0,0
11,11,row10812,0,0
8,8,row17014,0,0
7,7,row12599,0,0
0,0,row00056,0,0
4,4,row23345,0,0
11,11,row10748,0,0
12,12,row11983,0,0
9,9,row08061,0,0
7,7,row20890,0,0
6,6,row05188,0,0
9,9,row08549,0,0
6,6,row05186,0,0
4,4,row02844,0,0
5,5,row03560,0,0
6,6,row05859,0,0
6,6,row15204,0,0
7,7,row22672,0,0
9,9,row17835,0,0
5,5,row13619,0,0
4,4,row03114,0,0
5,5,row03987,0,0
9,9,row18382,0,0
2,2,row01547,0,0
10,10,row08765,0,0
3,3,row02384,0,0
6,6,row04503,0,0
3,3,row02425,0,0
11,11,row10918,0,0
0,0,row00100,0,0
6,6,row05760,0,0
8,8,row17454,0,0
10,10,row09500,0,0
5,5,row03636,0,0
0,0,row00243,0,0
6,6,row18956,0,0
12,12,row11196,0,0
9,9,row07954,0,0
4,4,row23564,0,0
6,6,row19553,0,0
12,12,row11789,0,0
12,12,row11271,0,0
5,5,row13190,0,0
6,6,row05076,0,0
5,5,row13605,0,0
0,0,row00011,0,0
6,6,row05435,0,0
12,12,row11717,0,0
8,8,row17088,0,0
7,7,row20953,0,0
8,8,row17141,0,0
6,6,row05573,0,0
6,6,row05368,0,0
2,2,row01164,0,0
9,9,row08600,0,0
7,7,row06116,0,0
11,11,row09859,0,0
11,11,row10542,0,0
7,7,row06174,0,0
10,10,row09185,0,0
12,12,row11518,0,0
6,6,row16311,0,0
11,11,row09718,0,0
6,6,row04856,0,0
7,7,row22809,0,0
8,8,row15145,0,0
7,7,row20983,0,0
12,12,row11763,0,0
2,2,row01128,0,0
12,12,row11310,0,0
2,2,row01036,0,0
2,2,row01774,0,0
8,8,row13998,0,0
12,12,row11439,0,0
11,11,row09791,0,0
1,1,row00906,0,0
7,7,row20775,0,0
1,1,row00573,0,0
12,12,row11023,0,0
1,1,row00739,0,0
2,2,row01700,0,0
2,2,row01359,0,0
6,6,row16413,0,0
6,6,row19498,0,0
6,6,row05203,0,0
11,11,row10006,0,0
6,6,row20184,0,0
6,6,row19037,0,0
11,11,row09597,0,0
7,7,row20870,0,0
3,3,row02182,0,0
7,7,row23026,0,0
12,12,row11379,0,0
9,9,row08357,0,0
7,7,row06433,0,0
7,7,row12430,0,0
8,8,row16884,0,0
2,2,row01311,0,0
2,2,row01174,0,0
6,6,row19818,0,0
9,9,row17876,0,0
0,0,row00260,0,0
12,12,row11586,0,0
5,5,row13375,0,0
9,9,row18417,0,0
11,11,row09632,0,0
7,7,row22159,0,0
7,7,row21455,0,0
4,4,row23336,0,0
10,10,row09353,0,0
8,8,row15095,0,0
9,9,row18214,0,0
8,8,row07190,0,0
7,7,row20753,0,0
9,9,row07933,0,0
2,2,row01712,0,0
10,10,row09008,0,0
5,5,row04141,0,0
8,8,row15074,0,0
5,5,row13727,0,0
7,7,row12991,0,0
0,0,row00294,0,0
3,3,row02161,0,0
1,1,row00738,0,0
8,8,row14610,0,0
10,10,row09309,0,0
5,5,row03676,0,0
8,8,row14242,0,0
2,2,row01244,0,0
12,12,row11457,0,0
11,11,row10454,0,0
11,11,row10961,0,0
0,0,row00431,0,0
11,11,row10951,0,0
0,0,row00212,0,0
7,7,row12863,0,0
12,12,row12139,0,0
4,4,row23580,0,0
8,8,row14030,0,0
12,12,row12355,0,0
4,4,row02913,0,0
4,4,row23255,0,0
11,11,row09770,0,0
6,6,row20335,0,0
7,7,row12933,0,0
3,3,row02136,0,0
4,4,row23540,0,0
7,7,row12522,0,0
12,12,row11188,0,0
8,8,row14616,0,0
5,5,row04129,0,0
1,1,row00907,0,0
9,9,row07888,0,0
6,6,row16533,0,0
8,8,row17420,0,0
9,9,row17874,0,0
6,6,row04764,0,0
6,6,row05748,0,0
7,7,row20647,0,0
12,12,row12096,0,0
6,6,row05773,0,0
8,8,row14814,0,0
12,12,row11034,0,0
11,11,row09630,0,0
3,3,row02247,0,0
6,6,row19076,0,0
8,8,row07520,0,0
4,4,row23299,0,0
6,6,row16611,0,0
12,12,row12290,0,0
9,9,row18121,0,0
11,11,row09951,0,0
8,8,row17347,0,0
7,7,row22669,0,0
7,7,row12854,0,0
2,2,row01477,0,0
7,7,row20857,0,0
2,2,row01242,0,0
8,8,row14411,0,0
4,4,row23644,0,0
5,5,row04395,0,0
12,12,row12266,0,0
12,12,row12036,0,0
7,7,row22239,0,0
7,7,row22660,0,0
5,5,row13096,0,0
7,7,row06926,0,0
4,4,row23581,0,0
4,4,row03134,0,0
12,12,row11560,0,0
8,8,row13972,0,0
0,0,row00403,0,0
8,8,row14144,0,0
11,11,row10362,0,0
8,8,row14004,0,0
12,12,row12310,0,0
7,7,row06239,0,0
10,10,row09267,0,0
10,10,row09052,0,0
7,7,row06329,0,0
11,11,row10722,0,0
10,10,row09188,0,0
2,2,row01469,0,0
12,12,row11770,0,0
8,8,row16770,0,0
6,6,row19502,0,0
11,11,row10139,0,0
12,12,row11481,0,0
9,9,row18551,0,0
3,3,row02297,0,0
12,12,row11014,0,0
7,7,row22343,0,0
9,9,row18548,0,0
7,7,row22541,0,0
8,8,row17184,0,0
4,4,row03063,0,0
6,6,row05907,0,0
11,11,row10391,0,0
1,1,row00883,0,0
11,11,row10511,0,0
9,9,row08546,0,0
6,6,row05333,0,0
11,11,row09667,0,0
2,2,row01264,0,0
6,6,row15682,0,0
11,11,row09978,0,0
11,11,row09661,0,0
12,12,row12196,0,0
5,5,row03982,0,0
12,12,row12099,0,0
0,0,row00339,0,0
0,0,row00328,0,0
7,7,row12389,0,0
4,4,row23591,0,0
6,6,row16544,0,0
7,7,row22109,0,0
8,8,row17011,0,0
11,11,row10715,0,0
9,9,row07708,0,0
6,6,row19945,0,0
11,11,row10769,0,0
9,9,row08233,0,0
7,7,row22772,0,0
4,4,row23250,0,0
7,7,row21743,0,0
11,11,row10436,0,0
8,8,row16863,0,0
12,12,row11729,0,0
12,12,row11753,0,0
6,6,row18665,0,0
7,7,row21704,0,0
2,2,row01243,0,0
11,11,row10180,0,0
8,8,row15183,0,0
9,9,row08222,0,0
6,6,row15223,0,0
7,7,row22605,0,0
6,6,row04545,0,0
1,1,row00888,0,0
1,1,row00641,0,0
7,7,row12559,0,0
10,10,row08844,0,0
6,6,row05458,0,0
3,3,row02188,0,0
1,1,row00749,0,0
6,6,row05587,0,0
11,11,row10011,0,0
5,5,row13410,0,0
11,11,row10897,0,0
8,8,row17203,0,0
12,12,row12015,0,0
7,7,row06409,0,0
7,7,row22878,0,0
11,11,row09986,0,0
1,1,row00650,0,0
8,8,row15115,0,0
4,4,row23609,0,0
8,8,row15063,0,0
5,5,row04070,0,0
8,8,row16728,0,0
9,9,row08183,0,0
5,5,row03634,0,0
8,8,row15151,0,0
6,6,row04704,0,0
12,12,row11701,0,0
9,9,row08217,0,0
6,6,row18865,0,0
5,5,row04042,0,0
9,9,row07923,0,0
12,12,row12141,0,0
2,2,row01428,0,0
9,9,row18031,0,0
1,1,row00560,0,0
8,8,row14973,0,0
0,0,row00276,0,0
7,7,row20963,0,0
5,5,row04271,0,0
7,7,row22536,0,0
9,9,row18300,0,0
0,0,row00213,0,0
8,8,row14251,0,0
6,6,row20499,0,0
12,12,row11479,0,0
11,11,row10817,0,0
8,8,row13980,0,0
2,2,row01188,0,0
8,8,row07493,0,0
8,8,row17178,0,0
6,6,row05882,0,0
11,11,row09963,0,0
12,12,row11767,0,0
12,12,row11956,0,0
6,6,row06017,0,0
1,1,row00597,0,0
9,9,row08292,0,0
6,6,row16006,0,0
4,4,row23277,0,0
2,2,row01765,0,0
9,9,row07977,0,0
5,5,row04146,0,0
4,4,row03185,0,0
8,8,row14600,0,0
12,12,row11296,0,0
7,7,row21950,0,0
12,12,row12063,0,0
7,7,row20829,0,0
6,6,row20222,0,0
0,0,row00178,0,0
9,9,row18174,0,0
12,12,row11798,0,0
4,4,row23462,0,0
2,2,row00961,0,0
8,8,row07381,0,0
7,7,row21869,0,0
9,9,row08594,0,0
10,10,row09155,0,0
7,7,row20991,0,0
5,5,row13660,0,0
9,9,row18557,0,0
8,8,row17074,0,0
5,5,row03840,0,0
8,8,row14568,0,0
7,7,row21274,0,0
12,12,row11636,0,0
10,10,row09553,0,0
8,8,row15098,0,0
1,1,row00701,0,0
1,1,row00471,0,0
7,7,row06513,0,0
8,8,row07515,0,0
9,9,row08408,0,0
9,9,row08234,0,0
12,12,row11568,0,0
8,8,row17221,0,0
6,6,row19759,0,0
12,12,row11158,0,0
2,2,row01348,0,0
0,0,row00027,0,0
12,12,row12216,0,0
1,1,row00608,0,0
12,12,row12065,0,0
5,5,row04392,0,0
8,8,row14003,0,0
5,5,row03962,0,0
6,6,row19493,0,0
8,8,row15068,0,0
12,12,row11254,0,0
9,9,row17949,0,0
2,2,row01005,0,0
7,7,row20872,0,0
11,11,row10537,0,0
11,11,row09922,0,0
5,5,row03525,0,0
6,6,row15426,0,0
8,8,row07071,0,0
12,12,row12090,0,0
2,2,row01644,0,0
7,7,row20795,0,0
0,0,row00401,0,0
6,6,row19348,0,0
2,2,row01782,0,0
8,8,row14665,0,0
9,9,row07903,0,0
10,10,row09518,0,0
12,12,row11317,0,0
5,5,row03747,0,0
11,11,row10634,0,0
3,3,row01969,0,0
9,9,row18258,0,0
0,0,row00321,0,0
5,5,row13143,0,0
3,3,row02118,0,0
1,1,row00838,0,0
12,12,row11648,0,0
1,1,row00691,0,0
7,7,row22012,0,0
6,6,row05355,0,0
9,9,row17938,0,0
7,7,row22575,0,0
7,7,row22452,0,0
7,7,row22586,0,0
3,3,row02421,0,0
7,7,row20855,0,0
7,7,row22947,0,0
7,7,row06401,0,0
5,5,row04185,0,0
9,9,row08290,0,0
3,3,row02401,0,0
6,6,row05515,0,0
10,10,row08720,0,0
11,11,row10294,0,0
2,2,row01500,0,0
10,10,row09328,0,0
9,9,row18332,0,0
9,9,row08625,0,0
9,9,row08510,0,0
7,7,row12872,0,0
9,9,row18311,0,0
4,4,row03106,0,0
2,2,row01420,0,0
0,0,row00267,0,0
9,9,row07775,0,0
4,4,row23530,0,0
4,4,row23595,0,0
12,12,row11063,0,0
5,5,row03567,0,0
6,6,row15640,0,0
12,12,row11374,0,0
6,6,row20472,0,0
3,3,row01838,0,0
9,9,row08174,0,0
7,7,row12546,0,0
1,1,row00682,0,0
6,6,row16561,0,0
4,4,row23186,0,0
7,7,row21092,0,0
11,11,row10791,0,0
6,6,row16038,0,0
9,9,row18532,0,0
4,4,row23390,0,0
6,6,row20570,0,0
6,6,row20206,0,0
8,8,row06996,0,0
10,10,row09160,0,0
8,8,row14180,0,0
7,7,row22763,0,0
3,3,row02203,0,0
12,12,row11435,0,0
9,9,row07844,0,0
9,9,row08278,0,0
9,9,row18357,0,0
4,4,row02514,0,0
6,6,row16531,0,0
6,6,row05662,0,0
4,4,row03281,0,0
6,6,row16505,0,0
12,12,row11864,0,0
1,1,row00884,0,0
5,5,row13102,0,0
6,6,row16112,0,0
9,9,row18600,0,0
9,9,row18215,0,0
12,12,row11080,0,0
6,6,row19184,0,0
9,9,row18378,0,0
6,6,row19060,0,0
0,0,row00320,0,0
10,10,row09265,0,0
11,11,row10419,0,0
0,0,row00380,0,0
8,8,row17392,0,0
5,5,row13645,0,0
10,10,row09238,0,0
7,7,row20684,0,0
9,9,row08199,0,0
11,11,row10547,0,0
12,12,row12150,0,0
1,1,row00610,0,0
7,7,row20691,0,0
7,7,row12879,0,0
12,12,row11781,0,0
9,9,row18394,0,0
6,6,row05895,0,0
11,11,row10581,0,0
4,4,row23191,0,0
12,12,row11206,0,0
7,7,row20612,0,0
11,11,row10217,0,0
8,8,row17104,0,0
7,7,row06645,0,0
2,2,row00942,0,0
7,7,row22738,0,0
7,7,row21049,0,0
2,2,row01022,0,0
9,9,row08149,0,0
12,12,row11419,0,0
8,8,row07333,0,0
6,6,row19371,0,0
8,8,row14667,0,0
7,7,row21108,0,0
8,8,row15178,0,0
12,12,row11483,0,0
1,1,row00746,0,0
6,6,row04997,0,0
8,8,row07056,0,0
12,12,row12302,0,0
12,12,row12327,0,0
12,12,row11726,0,0
7,7,row13009,0,0
12,12,row11819,0,0
6,6,row16233,0,0
12,12,row12059,0,0
11,11,row09606,0,0
5,5,row13651,0,0
5,5,row13044,0,0
10,10,row08882,0,0
12,12,row12180,0,0
4,4,row02811,0,0
12,12,row11727,0,0
4,4,row23516,0,0
4,4,row23584,0,0
6,6,row19352,0,0
6,6,row19781,0,0
2,2,row01610,0,0
10,10,row09560,0,0
2,2,row01560,0,0
4,4,row02597,0,0
1,1,row00512,0,0
8,8,row14057,0,0
0,0,row00250,0,0
7,7,row06903,0,0
4,4,row02993,0,0
6,6,row19178,0,0
4,4,row23707,0,0
9,9,row07894,0,0
6,6,row16439,0,0
8,8,row17391,0,0
10,10,row08812,0,0
5,5,row13782,0,0
2,2,row01577,0,0
7,7,row20865,0,0
7,7,row22494,0,0
3,3,row02081,0,0
5,5,row13770,0,0
9,9,row18179,0,0
1,1,row00522,0,0
3,3,row02448,0,0
7,7,row06816,0,0
10,10,row09285,0,0
7,7,row20748,0,0
7,7,row06453,0,0
10,10,row08739,0,0
9,9,row18573,0,0
6,6,row15908,0,0
9,9,row07755,0,0
7,7,row22144,0,0
8,8,row14480,0,0
0,0,row00398,0,0
7,7,row20669,0,0
8,8,row15187,0,0
10,10,row08714,0,0
11,11,row09652,0,0
9,9,row18171,0,0
6,6,row05976,0,0
4,4,row02711,0,0
6,6,row16319,0,0
3,3,row01820,0,0
12,12,row11274,0,0
5,5,row03505,0,0
9,9,row08553,0,0
7,7,row06543,0,0
6,6,row20463,0,0
11,11,row10399,0,0
5,5,row03730,0,0
6,6,row16391,0,0
10,10,row08702,0,0
11,11,row10619,0,0
5,5,row13323,0,0
11,11,row10315,0,0
10,10,row09299,0,0
10,10,row09229,0,0
7,7,row06542,0,0
10,10,row09015,0,0
3,3,row02378,0,0
9,9,row08163,0,0
12,12,row12378,0,0
7,7,row06912,0,0
5,5,row03574,0,0
5,5,row03733,0,0
8,8,row17345,0,0
11,11,row09744,0,0
12,12,row11492,0,0
0,0,row00104,0,0
6,6,row15315,0,0
8,8,row14784,0,0
6,6,row19110,0,0
3,3,row01892,0,0
6,6,row18672,0,0
12,12,row11470,0,0
6,6,row05842,0,0
12,12,row11243,0,0
6,6,row15238,0,0
11,11,row10068,0,0
0,0,row00207,0,0
8,8,row17416,0,0
8,8,row14416,0,0
12,12,row11432,0,0
12,12,row11849,0,0
4,4,row03150,0,0
4,4,row02748,0,0
5,5,row04218,0,0
12,12,row11903,0,0
6,6,row05338,0,0
12,12,row11940,0,0
6,6,row18824,0,0
7,7,row12884,0,0
8,8,row16948,0,0
2,2,row01568,0,0
9,9,row08109,0,0
6,6,row16004,0,0
4,4,row23451,0,0
4,4,row02955,0,0
11,11,row10942,0,0
4,4,row02900,0,0
11,11,row10796,0,0
9,9,row18145,0,0
9,9,row07710,0,0
4,4,row03089,0,0
1,1,row00871,0,0
6,6,row16627,0,0
5,5,row13071,0,0
6,6,row15461,0,0
10,10,row08864,0,0
9,9,row07979,0,0
7,7,row20973,0,0
11,11,row10483,0,0
12,12,row11719,0,0
4,4,row23363,0,0
5,5,row13398,0,0
4,4,row23257,0,0
7,7,row12506,0,0
11,11,row10932,0,0
1,1,row00879,0,0
11,11,row10553,0,0
7,7,row22162,0,0
9,9,row08010,0,0
12,12,row11409,0,0
5,5,row13407,0,0
12,12,row11087,0,0
10,10,row08949,0,0
12,12,row12214,0,0
12,12,row11746,0,0
1,1,row00829,0,0
0,0,row00271,0,0
6,6,row05272,0,0
8,8,row07202,0,0
3,3,row02074,0,0
6,6,row19648,0,0
10,10,row08800,0,0
9,9,row08552,0,0
7,7,row12757,0,0
12,12,row11036,0,0
7,7,row22991,0,0
11,11,row10829,0,0
5,5,row13088,0,0
12,12,row12379,0,0
12,12,row11187,0,0
9,9,row07936,0,0
12,12,row11716,0,0
6,6,row16101,0,0
8,8,row16816,0,0
6,6,row18899,0,0
6,6,row20175,0,0
7,7,row20956,0,0
6,6,row19425,0,0
5,5,row13713,0,0
11,11,row10893,0,0
12,12,row11958,0,0
8,8,row17089,0,0
11,11,row09921,0,0
12,12,row11366,0,0
7,7,row12977,0,0
2,2,row01021,0,0
9,9,row07851,0,0
9,9,row08003,0,0
8,8,row14983,0,0
9,9,row08083,0,0
12,12,row11451,0,0
0,0,row00278,0,0
0,0,row00247,0,0
3,3,row01828,0,0
10,10,row09367,0,0
12,12,row11316,0,0
9,9,row08295,0,0
12,12,row12294,0,0
6,6,row15573,0,0
6,6,row04913,0,0
12,12,row11640,0,0
6,6,row15962,0,0
7,7,row22066,0,0
8,8,row14101,0,0
0,0,row00338,0,0
6,6,row05730,0,0
4,4,row02728,0,0
6,6,row16495,0,0
6,6,row05982,0,0
12,12,row11752,0,0
3,3,row01803,0,0
12,12,row12347,0,0
4,4,row03193,0,0
7,7,row22019,0,0
12,12,row11854,0,0
9,9,row17888,0,0
11,11,row09962,0,0
8,8,row14624,0,0
8,8,row14025,0,0
4,4,row23288,0,0
11,11,row10864,0,0
11,11,row10001,0,0
1,1,row00566,0,0
2,2,row01183,0,0
7,7,row21451,0,0
6,6,row16025,0,0
2,2,row01605,0,0
8,8,row15017,0,0
9,9,row07805,0,0
7,7,row06289,0,0
6,6,row16492,0,0
2,2,row00954,0,0
6,6,row04793,0,0
8,8,row14924,0,0
8,8,row07603,0,0
7,7,row12535,0,0
11,11,row10384,0,0
9,9,row18021,0,0
5,5,row13491,0,0
4,4,row03115,0,0
9,9,row08588,0,0
0,0,row00336,0,0
5,5,row03540,0,0
9,9,row18025,0,0
4,4,row03178,0,0
7,7,row06544,0,0
7,7,row22867,0,0
6,6,row15200,0,0
12,12,row11703,0,0
12,12,row12231,0,0
8,8,row14175,0,0
1,1,row00643,0,0
9,9,row08047,0,0
12,12,row11459,0,0
9,9,row18544,0,0
9,9,row17873,0,0
8,8,row14244,0,0
2,2,row01136,0,0
6,6,row19956,0,0
6,6,row19243,0,0
3,3,row02106,0,0
6,6,row15456,0,0
12,12,row11461,0,0
11,11,row09716,0,0
12,12,row12328,0,0
7,7,row06121,0,0
8,8,row14615,0,0
5,5,row13444,0,0
10,10,row08684,0,0
1,1,row00509,0,0
3,3,row01837,0,0
7,7,row21996,0,0
2,2,row01104,0,0
7,7,row06890,0,0
6,6,row19746,0,0
9,9,row08356,0,0
12,12,row12203,0,0
8,8,row16889,0,0
0,0,row00331,0,0
12,12,row11593,0,0
2,2,row01228,0,0
3,3,row02418,0,0
8,8,row06993,0,0
6,6,row19822,0,0
12,12,row11879,0,0
7,7,row06667,0,0
8,8,row14378,0,0
8,8,row17208,0,0
6,6,row16194,0,0
2,2,row00991,0,0
0,0,row00062,0,0
6,6,row20547,0,0
7,7,row20656,0,0
3,3,row02388,0,0
8,8,row14009,0,0
8,8,row13969,0,0
11,11,row10673,0,0
12,12,row11384,0,0
4,4,row23574,0,0
6,6,row20211,0,0
0,0,row00206,0,0
10,10,row08887,0,0
8,8,row13940,0,0
2,2,row01106,0,0
6,6,row19216,0,0
6,6,row04808,0,0
5,5,row13352,0,0
8,8,row14062,0,0
11,11,row09845,0,0
8,8,row17277,0,0
4,4,row03200,0,0
3,3,row02298,0,0
0,0,row00445,0,0
7,7,row22163,0,0
7,7,row21933,0,0
9,9,row18435,0,0
7,7,row22653,0,0
8,8,row17366,0,0
12,12,row11076,0,0
6,6,row05252,0,0
10,10,row08990,0,0
10,10,row09129,0,0
6,6,row15697,0,0
9,9,row18451,0,0
8,8,row17148,0,0
10,10,row08848,0,0
7,7,row06511,0,0
9,9,row07773,0,0
2,2,row01528,0,0
6,6,row19605,0,0
9,9,row08616,0,0
3,3,row02034,0,0
8,8,row15047,0,0
11,11,row10684,0,0
6,6,row16434,0,0
7,7,row21342,0,0
8,8,row14694,0,0
7,7,row22511,0,0
10,10,row08751,0,0
12,12,row12024,0,0
10,10,row09060,0,0
10,10,row08838,0,0
11,11,row09928,0,0
12,12,row11519,0,0
4,4,row03191,0,0
8,8,row14095,0,0
2,2,row01082,0,0
6,6,row19367,0,0
7,7,row20717,0,0
10,10,row09562,0,0
3,3,row01989,0,0
10,10,row09109,0,0
9,9,row08406,0,0
5,5,row13068,0,0
6,6,row16279,0,0
8,8,row07532,0,0
6,6,row16010,0,0
6,6,row20296,0,0
2,2,row01308,0,0
3,3,row02192,0,0
5,5,row03531,0,0
6,6,row16456,0,0
4,4,row02992,0,0
6,6,row05050,0,0
0,0,row00340,0,0
6,6,row15473,0,0
9,9,row17820,0,0
12,12,row12223,0,0
10,10,row09579,0,0
7,7,row22631,0,0
8,8,row16734,0,0
9,9,row08347,0,0
7,7,row22754,0,0
2,2,row01373,0,0
2,2,row01177,0,0
7,7,row20817,0,0
7,7,row06623,0,0
2,2,row00952,0,0
7,7,row22529,0,0
4,4,row23582,0,0
12,12,row11694,0,0
7,7,row06519,0,0
7,7,row06613,0,0
12,12,row11619,0,0
12,12,row11979,0,0
9,9,row07943,0,0
12,12,row11847,0,0
1,1,row00500,0,0
8,8,row13815,0,0
4,4,row23615,0,0
6,6,row04965,0,0
6,6,row05813,0,0
9,9,row08579,0,0
8,8,row16714,0,0
2,2,row01585,0,0
10,10,row08803,0,0
9,9,row07891,0,0
7,7,row22815,0,0
11,11,row10809,0,0
8,8,row14116,0,0
2,2,row01315,0,0
8,8,row07260,0,0
7,7,row22564,0,0
6,6,row15281,0,0
11,11,row10333,0,0
11,11,row10835,0,0
7,7,row20649,0,0
9,9,row07855,0,0
11,11,row10686,0,0
4,4,row23721,0,0
10,10,row09400,0,0
2,2,row01353,0,0
6,6,row19290,0,0
7,7,row12758,0,0
6,6,row05196,0,0
10,10,row09286,0,0
12,12,row11628,0,0
6,6,row16217,0,0
7,7,row22664,0,0
11,11,row10347,0,0
12,12,row11526,0,0
11,11,row09913,0,0
8,8,row17043,0,0
10,10,row09233,0,0
0,0,row00148,0,0
4,4,row02820,0,0
11,11,row10702,0,0
7,7,row21617,0,0
5,5,row13756,0,0
6,6,row16051,0,0
0,0,row00146,0,0
9,9,row08032,0,0
6,6,row15566,0,0
6,6,row04508,0,0
6,6,row19054,0,0
7,7,row20633,0,0
9,9,row18317,0,0
0,0,row00308,0,0
12,12,row12123,0,0
7,7,row22970,0,0
5,5,row04227,0,0
10,10,row09206,0,0
1,1,row00676,0,0
9,9,row07828,0,0
7,7,row12844,0,0
12,12,row11517,0,0
4,4,row23656,0,0
7,7,row23123,0,0
6,6,row15664,0,0
9,9,row18614,0,0
9,9,row08225,0,0
7,7,row21023,0,0
4,4,row02836,0,0
8,8,row14079,0,0
8,8,row15039,0,0
5,5,row04282,0,0
7,7,row13025,0,0
6,6,row15196,0,0
10,10,row08698,0,0
7,7,row21268,0,0
12,12,row12062,0,0
6,6,row16388,0,0
7,7,row22248,0,0
3,3,row02415,0,0
5,5,row04360,0,0
6,6,row15343,0,0
9,9,row18227,0,0
9,9,row08131,0,0
9,9,row08360,0,0
3,3,row02307,0,0
6,6,row16165,0,0
6,6,row20240,0,0
6,6,row05582,0,0
6,6,row18688,0,0
5,5,row04061,0,0
11,11,row10151,0,0
7,7,row13026,0,0
12,12,row12153,0,0
0,0,row00400,0,0
11,11,row09658,0,0
8,8,row16949,0,0
1,1,row00561,0,0
0,0,row00145,0,0
8,8,row14942,0,0
12,12,row11984,0,0
7,7,row21777,0,0
2,2,row01190,0,0
7,7,row12458,0,0
9,9,row08638,0,0
7,7,row21999,0,0
11,11,row10556,0,0
7,7,row21930,0,0
6,6,row05785,0,0
2,2,row01638,0,0
1,1,row00721,0,0
5,5,row13121,0,0
5,5,row03881,0,0
6,6,row05037,0,0
12,12,row12363,0,0
2,2,row01631,0,0
0,0,row00149,0,0
9,9,row07949,0,0
7,7,row20765,0,0
5,5,row03416,0,0
5,5,row13338,0,0
8,8,row14357,0,0
12,12,row12342,0,0
8,8,row13896,0,0
0,0,row00351,0,0
7,7,row12493,0,0
0,0,row00110,0,0
7,7,row22087,0,0
10,10,row08719,0,0
4,4,row23722,0,0
8,8,row17593,0,0
3,3,row02087,0,0
7,7,row22127,0,0
11,11,row09615,0,0
11,11,row10756,0,0
5,5,row13473,0,0
6,6,row04592,0,0
1,1,row00803,0,0
4,4,row02842,0,0
8,8,row14277,0,0
2,2,row01462,0,0
9,9,row18341,0,0
1,1,row00855,0,0
9,9,row17929,0,0
3,3,row01856,0,0
11,11,row09679,0,0
11,11,row09998,0,0
1,1,row00741,0,0
4,4,row23195,0,0
6,6,row19519,0,0
6,6,row19033,0,0
8,8,row17204,0,0
8,8,row07651,0,0
0,0,row00390,0,0
11,11,row10676,0,0
6,6,row20254,0,0
9,9,row08656,0,0
6,6,row20493,0,0
4,4,row23356,0,0
8,8,row17005,0,0
11,11,row10275,0,0
12,12,row11114,0,0
10,10,row09113,0,0
1,1,row00515,0,0
11,11,row10764,0,0
12,12,row11232,0,0
8,8,row14571,0,0
6,6,row05645,0,0
6,6,row20127,0,0
6,6,row16447,0,0
6,6,row19800,0,0
4,4,row23338,0,0
9,9,row18120,0,0
9,9,row08135,0,0
12,12,row12170,0,0
10,10,row08843,0,0
7,7,row12525,0,0
7,7,row22650,0,0
12,12,row11315,0,0
7,7,row20849,0,0
12,12,row12023,0,0
3,3,row01975,0,0
6,6,row19773,0,0
7,7,row20992,0,0
4,4,row03046,0,0
12,12,row12056,0,0
11,11,row10462,0,0
5,5,row03621,0,0
6,6,row05542,0,0
10,10,row08788,0,0
0,0,row00112,0,0
12,12,row12189,0,0
5,5,row13666,0,0
4,4,row03018,0,0
7,7,row06389,0,0
6,6,row15338,0,0
5,5,row03664,0,0
7,7,row22639,0,0
9,9,row18648,0,0
11,11,row10516,0,0
9,9,row08584,0,0
9,9,row07937,0,0
12,12,row12068,0,0
11,11,row10379,0,0
5,5,row03721,0,0
8,8,row14981,0,0
12,12,row11055,0,0
7,7,row21560,0,0
4,4,row23633,0,0
11,11,row09799,0,0
7,7,row22734,0,0
6,6,row05860,0,0
12,12,row11430,0,0
7,7,row21712,0,0
7,7,row22458,0,0
11,11,row10824,0,0
0,0,row00455,0,0
9,9,row18253,0,0
10,10,row09035,0,0
12,12,row12098,0,0
9,9,row17914,0,0
6,6,row05973,0,0
10,10,row09065,0,0
6,6,row04577,0,0
6,6,row20461,0,0
9,9,row17813,0,0
9,9,row17819,0,0
7,7,row12465,0,0
1,1,row00699,0,0
1,1,row00657,0,0
5,5,row03539,0,0
6,6,row04596,0,0
6,6,row04646,0,0
6,6,row19126,0,0
10,10,row08679,0,0
8,8,row14008,0,0
7,7,row06312,0,0
0,0,row00103,0,0
8,8,row14905,0,0
12,12,row12289,0,0
2,2,row01134,0,0
8,8,row13968,0,0
6,6,row19742,0,0
8,8,row15110,0,0
6,6,row20385,0,0
11,11,row09890,0,0
2,2,row01140,0,0
7,7,row21214,0,0
7,7,row21992,0,0
6,6,row19067,0,0
3,3,row02090,0,0
7,7,row22371,0,0
8,8,row07167,0,0
7,7,row22795,0,0
11,11,row10607,0,0
7,7,row21953,0,0
12,12,row11856,0,0
8,8,row14799,0,0
11,11,row09917,0,0
12,12,row11840,0,0
8,8,row17355,0,0
8,8,row14166,0,0
7,7,row22868,0,0
7,7,row20869,0,0
5,5,row04028,0,0
10,10,row08997,0,0
2,2,row01335,0,0
6,6,row16031,0,0
6,6,row19046,0,0
8,8,row14155,0,0
12,12,row11910,0,0
6,6,row19780,0,0
7,7,row06881,0,0
8,8,row17193,0,0
10,10,row09274,0,0
8,8,row16907,0,0
3,3,row01893,0,0
6,6,row04648,0,0
12,12,row12020,0,0
3,3,row01844,0,0
2,2,row01326,0,0
9,9,row08540,0,0
5,5,row13155,0,0
12,12,row12186,0,0
4,4,row23611,0,0
3,3,row02223,0,0
4,4,row02923,0,0
4,4,row23531,0,0
11,11,row10530,0,0
2,2,row01379,0,0
5,5,row04408,0,0
7,7,row22236,0,0
0,0,row00317,0,0
10,10,row08918,0,0
6,6,row15541,0,0
7,7,row21476,0,0
11,11,row09671,0,0
11,11,row10822,0,0
8,8,row15182,0,0
3,3,row02176,0,0
6,6,row16394,0,0
6,6,row04612,0,0
9,9,row18234,0,0
11,11,row10503,0,0
12,12,row11587,0,0
0,0,row00358,0,0
7,7,row06491,0,0
0,0,row00246,0,0
5,5,row13737,0,0
6,6,row05221,0,0
2,2,row01686,0,0
11,11,row10480,0,0
6,6,row15488,0,0
7,7,row06085,0,0
0,0,row00116,0,0
7,7,row06914,0,0
8,8,row06989,0,0
5,5,row13595,0,0
11,11,row10079,0,0
7,7,row22327,0,0
7,7,row20774,0,0
12,12,row11777,0,0
11,11,row10183,0,0
11,11,row09590,0,0
9,9,row08338,0,0
11,11,row09696,0,0
1,1,row00899,0,0
6,6,row20378,0,0
8,8,row14633,0,0
5,5,row03796,0,0
1,1,row00831,0,0
12,12,row11499,0,0
11,11,row10413,0,0
6,6,row19148,0,0
12,12,row11596,0,0
6,6,row05486,0,0
7,7,row21972,0,0
8,8,row07010,0,0
0,0,row00373,0,0
8,8,row17435,0,0
4,4,row02840,0,0
6,6,row18891,0,0
6,6,row19944,0,0
4,4,row02770,0,0
7,7,row22592,0,0
3,3,row02117,0,0
8,8,row14935,0,0
2,2,row01301,0,0
12,12,row11964,0,0
9,9,row17928,0,0
4,4,row02509,0,0
8,8,row14860,0,0
9,9,row08322,0,0
0,0,row00437,0,0
12,12,row11425,0,0
11,11,row10661,0,0
8,8,row15150,0,0
12,12,row12086,0,0
9,9,row17922,0,0
7,7,row12731,0,0
7,7,row22577,0,0
5,5,row13763,0,0
9,9,row18161,0,0
7,7,row22393,0,0
9,9,row17947,0,0
8,8,row15164,0,0
12,12,row11577,0,0
7,7,row06086,0,0
7,7,row12519,0,0
11,11,row09990,0,0
8,8,row13975,0,0
9,9,row08255,0,0
7,7,row12406,0,0
6,6,row04784,0,0
11,11,row10270,0,0
6,6,row04564,0,0
9,9,row18434,0,0
8,8,row15015,0,0
4,4,row02699,0,0
6,6,row15345,0,0
2,2,row01654,0,0
7,7,row12501,0,0
0,0,row00289,0,0
7,7,row20800,0,0
11,11,row10776,0,0
8,8,row14141,0,0
4,4,row23234,0,0
5,5,row13664,0,0
6,6,row04624,0,0
5,5,row13456,0,0
12,12,row12356,0,0
6,6,row16282,0,0
0,0,row00005,0,0
2,2,row01289,0,0
6,6,row19560,0,0
3,3,row02082,0,0
8,8,row07679,0,0
7,7,row22580,0,0
6,6,row19095,0,0
7,7,row21724,0,0
1,1,row00493,0,0
1,1,row00757,0,0
6,6,row05329,0,0
6,6,row04561,0,0
11,11,row10580,0,0
8,8,row15087,0,0
0,0,row00167,0,0
6,6,row20544,0,0
4,4,row23547,0,0
12,12,row11718,0,0
7,7,row22102,0,0
11,11,row10840,0,0
12,12,row11895,0,0
12,12,row11755,0,0
12,12,row11137,0,0
5,5,row03559,0,0
0,0,row00348,0,0
2,2,row01492,0,0
12,12,row11434,0,0
10,10,row09199,0,0
4,4,row02761,0,0
5,5,row03850,0,0
10,10,row08703,0,0
8,8,row07054,0,0
0,0,row00295,0,0
3,3,row02337,0,0
4,4,row03130,0,0
4,4,row02494,0,0
9,9,row08591,0,0
5,5,row03562,0,0
11,11,row10177,0,0
6,6,row15419,0,0
8,8,row07160,0,0
6,6,row04740,0,0
5,5,row13609,0,0
1,1,row00540,0,0
2,2,row00976,0,0
7,7,row12885,0,0
8,8,row14597,0,0
5,5,row04166,0,0
7,7,row06510,0,0
12,12,row12144,0,0
12,12,row11736,0,0
3,3,row02083,0,0
12,12,row11330,0,0
12,12,row11289,0,0
6,6,row15287,0,0
10,10,row09280,0,0
5,5,row04117,0,0
7,7,row22613,0,0
7,7,row06924,0,0
12,12,row12073,0,0
2,2,row00993,0,0
7,7,row22647,0,0
11,11,row09909,0,0
2,2,row01642,0,0
6,6,row16537,0,0
4,4,row03312,0,0
6,6,row05577,0,0
12,12,row11134,0,0
6,6,row16039,0,0
6,6,row16125,0,0
7,7,row06862,0,0
1,1,row00819,0,0
7,7,row20803,0,0
3,3,row01824,0,0
9,9,row08404,0,0
5,5,row13691,0,0
12,12,row11795,0,0
8,8,row16696,0,0
6,6,row15251,0,0
8,8,row07257,0,0
10,10,row09428,0,0
5,5,row13560,0,0
9,9,row07747,0,0
0,0,row00131,0,0
4,4,row03253,0,0
7,7,row22205,0,0
3,3,row02015,0,0
6,6,row05865,0,0
5,5,row04314,0,0
12,12,row11355,0,0
11,11,row10525,0,0
0,0,row00349,0,0
9,9,row08331,0,0
8,8,row17041,0,0
4,4,row03234,0,0
9,9,row18482,0,0
3,3,row01823,0,0
5,5,row03974,0,0
4,4,row03051,0,0
10,10,row08683,0,0
11,11,row10576,0,0
2,2,row01650,0,0
3,3,row02290,0,0
11,11,row10646,0,0
6,6,row15318,0,0
10,10,row08747,0,0
2,2,row01620,0,0
3,3,row01834,0,0
12,12,row12179,0,0
5,5,row04136,0,0
2,2,row01076,0,0
8,8,row16718,0,0
7,7,row22925,0,0
9,9,row07899,0,0
6,6,row15633,0,0
6,6,row15242,0,0
1,1,row00586,0,0
8,8,row16752,0,0
6,6,row16174,0,0
12,12,row11644,0,0
9,9,row07738,0,0
12,12,row11631,0,0
6,6,row19059,0,0
2,2,row01759,0,0
6,6,row05370,0,0
6,6,row18666,0,0
4,4,row23474,0,0
7,7,row22132,0,0
12,12,row11700,0,0
11,11,row10110,0,0
4,4,row23320,0,0
6,6,row20467,0,0
8,8,row16989,0,0
2,2,row01123,0,0
0,0,row00392,0,0
6,6,row16480,0,0
8,8,row07195,0,0
7,7,row06770,0,0
8,8,row15071,0,0
7,7,row20797,0,0
8,8,row17313,0,0
3,3,row01850,0,0
9,9,row18328,0,0
6,6,row04601,0,0
4,4,row23468,0,0
5,5,row03563,0,0
10,10,row09138,0,0
11,11,row10179,0,0
6,6,row15425,0,0
8,8,row14964,0,0
8,8,row16729,0,0
11,11,row09731,0,0
4,4,row23272,0,0
6,6,row20132,0,0
7,7,row23009,0,0
11,11,row09927,0,0
8,8,row17404,0,0
5,5,row13053,0,0
11,11,row10957,0,0
5,5,row03904,0,0
6,6,row15344,0,0
7,7,row12453,0,0
7,7,row20757,0,0
7,7,row21683,0,0
5,5,row04363,0,0
6,6,row20313,0,0
9,9,row18288,0,0
6,6,row20126,0,0
9,9,row17844,0,0
2,2,row01184,0,0
11,11,row10521,0,0
3,3,row02387,0,0
7,7,row06261,0,0
4,4,row23678,0,0
7,7,row21076,0,0
7,7,row20707,0,0
8,8,row14932,0,0
12,12,row11044,0,0
8,8,row13816,0,0
8,8,row16771,0,0
7,7,row20682,0,0
2,2,row01107,0,0
11,11,row10021,0,0
6,6,row05616,0,0
12,12,row11013,0,0
8,8,row17197,0,0
1,1,row00777,0,0
2,2,row01014,0,0
12,12,row11009,0,0
6,6,row20308,0,0
5,5,row13597,0,0
5,5,row04189,0,0
6,6,row18928,0,0
2,2,row00982,0,0
4,4,row02735,0,0
8,8,row15169,0,0
8,8,row14335,0,0
7,7,row06775,0,0
4,4,row03256,0,0
12,12,row10997,0,0
6,6,row05650,0,0
6,6,row15976,0,0
9,9,row18116,0,0
2,2,row01660,0,0
11,11,row10736,0,0
6,6,row15279,0,0
1,1,row00652,0,0
12,12,row11287,0,0
12,12,row11535,0,0
9,9,row08248,0,0
0,0,row00025,0,0
6,6,row20130,0,0
6,6,row15934,0,0
12,12,row11742,0,0
4,4,row23367,0,0
8,8,row16849,0,0
11,11,row09994,0,0
11,11,row10166,0,0
9,9,row08617,0,0
6,6,row15525,0,0
8,8,row07483,0,0
7,7,row21306,0,0
6,6,row19655,0,0
6,6,row05659,0,0
2,2,row01020,0,0
12,12,row11971,0,0
3,3,row01947,0,0
9,9,row08189,0,0
6,6,row19638,0,0
5,5,row13648,0,0
12,12,row11314,0,0
6,6,row16449,0,0
6,6,row16567,0,0
9,9,row07825,0,0
9,9,row17999,0,0
0,0,row00218,0,0
11,11,row09955,0,0
8,8,row17478,0,0
7,7,row20968,0,0
12,12,row11923,0,0
5,5,row13723,0,0
8,8,row07029,0,0
12,12,row11062,0,0
7,7,row06566,0,0
7,7,row22422,0,0
12,12,row11882,0,0
7,7,row12769,0,0
3,3,row02072,0,0
2,2,row00990,0,0
6,6,row05198,0,0
1,1,row00735,0,0
10,10,row08948,0,0
4,4,row02675,0,0
9,9,row17863,0,0
3,3,row02365,0,0
1,1,row00822,0,0
11,11,row10550,0,0
6,6,row19185,0,0
5,5,row04410,0,0
7,7,row22960,0,0
3,3,row01925,0,0
0,0,row00035,0,0
11,11,row10457,0,0
6,6,row19885,0,0
11,11,row10104,0,0
11,11,row09727,0,0
11,11,row09660,0,0
6,6,row04854,0,0
12,12,row12249,0,0
5,5,row13399,0,0
12,12,row11941,0,0
12,12,row11280,0,0
7,7,row12890,0,0
5,5,row13064,0,0
10,10,row09506,0,0
6,6,row18874,0,0
6,6,row05161,0,0
11,11,row09724,0,0
7,7,row06627,0,0
7,7,row22602,0,0
6,6,row19538,0,0
7,7,row22394,0,0
5,5,row03633,0,0
7,7,row22442,0,0
7,7,row20622,0,0
2,2,row01722,0,0
11,11,row09684,0,0
5,5,row04019,0,0
11,11,row10510,0,0
12,12,row11985,0,0
1,1,row00508,0,0
8,8,row17176,0,0
4,4,row23477,0,0
12,12,row12103,0,0
10,10,row08981,0,0
6,6,row05664,0,0
7,7,row21622,0,0
8,8,row16938,0,0
6,6,row20517,0,0
6,6,row04552,0,0
7,7,row22869,0,0
8,8,row16748,0,0
0,0,row00409,0,0
2,2,row01636,0,0
6,6,row15269,0,0
7,7,row22508,0,0
6,6,row19928,0,0
11,11,row10018,0,0
12,12,row11536,0,0
0,0,row00266,0,0
8,8,row17129,0,0
7,7,row12495,0,0
8,8,row13839,0,0
12,12,row12016,0,0
12,12,row12175,0,0
4,4,row03107,0,0
8,8,row17050,0,0
11,11,row10022,0,0
9,9,row17919,0,0
3,3,row01894,0,0
12,12,row11286,0,0
11,11,row10765,0,0
4,4,row02608,0,0
12,12,row11590,0,0
8,8,row07126,0,0
6,6,row18856,0,0
7,7,row12548,0,0
6,6,row19050,0,0
7,7,row22097,0,0
6,6,row20456,0,0
9,9,row18026,0,0
4,4,row03241,0,0
4,4,row03308,0,0
8,8,row07270,0,0
1,1,row00882,0,0
4,4,row23561,0,0
4,4,row02635,0,0
12,12,row11400,0,0
6,6,row05197,0,0
8,8,row14677,0,0
1,1,row00598,0,0
7,7,row12526,0,0
12,12,row11791,0,0
11,11,row10215,0,0
12,12,row11136,0,0
7,7,row06631,0,0
11,11,row09846,0,0
5,5,row13442,0,0
9,9,row08604,0,0
6,6,row20397,0,0
5,5,row03804,0,0
12,12,row11422,0,0
6,6,row16477,0,0
6,6,row05017,0,0
7,7,row21085,0,0
2,2,row01514,0,0
4,4,row23238,0,0
12,12,row12026,0,0
6,6,row15330,0,0
6,6,row20121,0,0
1,1,row00596,0,0
5,5,row13525,0,0
4,4,row03078,0,0
12,12,row11850,0,0
2,2,row01175,0,0
2,2,row01168,0,0
8,8,row16928,0,0
7,7,row21984,0,0
11,11,row09877,0,0
12,12,row12206,0,0
3,3,row01866,0,0
9,9,row07768,0,0
11,11,row09668,0,0
4,4,row23178,0,0
6,6,row19263,0,0
12,12,row11377,0,0
4,4,row03101,0,0
8,8,row07346,0,0
8,8,row14293,0,0
8,8,row07150,0,0
11,11,row09634,0,0
4,4,row23231,0,0
